1 90.68795 0.22982351515151647 0.25159171929824586 0.27845583333333324 0.1702378666666664 0.0 0.0 0.0 0.0
2 87.2860840000001 0.2016748606060624 0.22252449122806978 0.24512833333333287 0.14710493333333313 0 0 0 0
3 87.69472275000003 0.21542652121212227 0.24419663157894803 0.26480183333333346 0.14859466666666638 0 0 0 0
4 63.713280000000076 0.12895112727272745 0.14903957894736836 0.15634516666666662 0.08795186666666666 0 0 0 0
5 76.55709200000008 0.2239787636363656 0.24188196491228067 0.2739423333333329 0.16699986666666627 0 0 0 0
6 116.05559800000013 0.2932318545454576 0.3111677192982471 0.3499620000000016 0.23080866666666652 0 0 0 0
7 77.79217599999996 0.2107088000000007 0.23373670175438582 0.2598173333333331 0.14954546666666635 0 0 0 0
8 92.02026200000007 0.24480480000000068 0.2593774035087724 0.291803666666667 0.19336173333333329 0 0 0 0
9 85.03240399999996 0.21210569696969842 0.23310442105263215 0.25954166666666695 0.15420813333333305 0 0 0 0
10 93.95219400000005 0.25669953939394 0.27947157894736896 0.31477933333333363 0.18860226666666657 0 0 0 0
11 63.06883999999997 0.16800974545454633 0.1864712982456139 0.20851266666666649 0.1180689333333331 0 0 0 0
12 123.75253800000019 0.38483466666665933 0.4027416140350916 0.4585120000000039 0.3088812000000018 0 0 0 0
13 94.230428 0.2687842909090916 0.28610273684210574 0.3236138333333336 0.20846813333333294 0 0 0 0
14 53.69682600000005 0.15398521212121305 0.1730429473684209 0.18804133333333306 0.10863546666666646 0 0 0 0
15 112.09832000000006 0.32364232727272313 0.33980743859649387 0.3825230000000025 0.2611809333333344 0 0 0 0
16 78.82666599999996 0.20860111515151625 0.22763901754385982 0.2598458333333334 0.14951933333333312 0 0 0 0
17 73.82333399999996 0.17363151515151504 0.19266638596491245 0.21686566666666635 0.12096106666666664 0 0 0 0
18 87.96816799999998 0.25187587878788026 0.27396182456140383 0.3056388333333337 0.1878838666666664 0 0 0 0
19 132.13337000000007 0.32629808484848444 0.3445995789473704 0.39410633333333567 0.2546650666666674 0 0 0 0
20 100.96863429460423 0.28620829090909194 0.33000589473684233 0.3327036666666663 0.2074042666666666 0 0 0 0
21 95.62446900000005 0.3010971636363614 0.32136308771930017 0.3560770000000018 0.23786066666666722 0 0 0 0
22 67.16126000000003 0.18491364848484912 0.2088905263157895 0.22591266666666626 0.12933639999999985 0 0 0 0
23 75.69163800000008 0.20810632727272865 0.2229541052631585 0.25028416666666703 0.16025866666666647 0 0 0 0
24 69.0951960808081 0.19824615757575947 0.21809445614035144 0.23842250000000006 0.14724919999999966 0 0 0 0
25 57.942818000000045 0.16822482424242474 0.18811705263157866 0.21172949999999952 0.11452346666666646 0 0 0 0
26 83.8974880000001 0.2772159030303055 0.2939121403508778 0.3348386666666674 0.21525626666666653 0 0 0 0
27 62.33651900000005 0.1774836363636381 0.19908477192982432 0.21744849999999938 0.12499066666666636 0 0 0 0
28 86.49353799999999 0.21064853333333494 0.23075536842105226 0.2565481666666663 0.15482733333333315 0 0 0 0
29 92.84155200000002 0.2593160242424261 0.27298428070175507 0.3115451666666677 0.20454786666666663 0 0 0 0
30 91.80127000000005 0.2618113939393949 0.28171536842105344 0.3207005000000009 0.19579133333333354 0 0 0 0
31 86.16895800000009 0.24747592727273027 0.264350315789475 0.29977316666666787 0.18960746666666678 0 0 0 0
32 112.4642620000001 0.3030888242424212 0.32258287719298434 0.3631096666666682 0.2365528000000008 0 0 0 0
33 138.91426800000008 0.36759044848484274 0.39297178947368655 0.43533550000000226 0.2892821333333343 0 0 0 0
34 315.9569220000008 0.29373391515151226 0.2467484912280716 0.2798740000000019 0.3494580000000061 0 0 0 0
35 351.7838940000005 0.583641163636322 0.5984324210526468 0.5984970000000136 0.5577048000000129 0 0 0 0
36 246.86058600000004 0.5658925575757192 0.5134885614035193 0.5903580000000125 0.5961040000000135 0 0 0 0
37 461.8506531476706 0.6471604848484378 0.6923212631579113 0.6302238333333468 0.6178070666666812 0 0 0 0
38 420.95026072149443 0.6531504484848077 0.6606599298245777 0.607864333333347 0.6822453333333435 0 0 0 0
39 258.63984562230553 0.6708427151514824 0.6672743859649279 0.6120568333333448 0.7212613333333405 0 0 0 0
40 207.71553889803275 0.6859756606060241 0.6866930526315944 0.6257323333333453 0.7334888000000065 0 0 0 0
41 283.2806910241321 0.7042414060605671 0.7042033684210678 0.6670715000000137 0.7340134666666748 0 0 0 0
42 267.7235145877632 0.7078466909090508 0.7178596491228227 0.6658036666666798 0.7319688000000079 0 0 0 0
43 251.59858474480754 0.6865775515151161 0.6736171228070327 0.6329283333333455 0.7418093333333412 0 0 0 0
44 347.79959656466553 0.6245590787878396 0.7139789473684367 0.6593178333333468 0.5118032000000079 0 0 0 0
45 104.02642000000014 0.5377958303030007 0.5518224561403614 0.6405558333333455 0.4422625333333409 0 0 0 0
46 98.02817600000016 0.537799369696939 0.5489084912280807 0.6331950000000124 0.4509292000000081 0 0 0 0
47 93.9753120000001 0.5435907393939106 0.5561122807017649 0.6436080000000117 0.45168146666667425 0 0 0 0
48 90.71855000000009 0.49798972121209734 0.5003511578947456 0.5763301666666764 0.4330740000000071 0 0 0 0
49 87.18107800000016 0.5106336484848242 0.5153521403508858 0.5936828333333429 0.4397117333333401 0 0 0 0
50 30.98736000000001 0.08775098181818163 0.07720280701754377 0.07475333333333331 0.10816986666666664 0 0 0 0
51 239.06185743041542 0.16619980606060758 0.22507621052631552 0.07459216666666665 0.18355333333333312 0 0 0 0
52 283.7151240638335 0.49282802424239847 0.6007445614035196 0.5113863333333416 0.375460666666672 0 0 0 0
53 147.2180212073774 0.10564363636363674 0.21758049122807033 0.07814266666666664 0.021304400000000005 0 0 0 0
54 117.79809599999959 0.18050118787879071 0.23369782456140395 0.08352766666666661 0.20754320000000015 0 0 0 0
55 189.44559400000003 0.20939141818182244 0.26501628070175604 0.11987549999999941 0.22816053333333472 0 0 0 0
56 91.12941200000006 0.12196349090909185 0.24262385964912347 0.09619249999999997 0.027952933333333343 0 0 0 0
57 169.95407399999937 0.18561735757576095 0.24003031578947445 0.09494616666666665 0.20646200000000017 0 0 0 0
58 269.2525760000004 0.19134099393939652 0.24062371929824622 0.09385533333333332 0.22251093333333463 0 0 0 0
59 385.3348200000013 0.21768164848484894 0.23763789473684224 0.08873399999999992 0.30188133333333356 0 0 0 0
60 221.42887799999957 0.21659626666666718 0.23720463157894747 0.08805566666666659 0.29985080000000025 0 0 0 0
61 208.6239779999995 0.18912363636363902 0.24387003508771968 0.1000903333333333 0.20834120000000025 0 0 0 0
62 314.0508400000022 0.19197818181818468 0.2532478596491234 0.10133766666666662 0.20628440000000015 0 0 0 0
63 322.07669400000225 0.17833827878788147 0.2347025964912285 0.07982166666666664 0.20360546666666676 0 0 0 0
64 244.43554799999978 0.12852780606060643 0.24744350877193008 0.09418633333333329 0.04303106666666669 0 0 0 0
65 9.516150000000025 0.0059762424242424264 0.011217543859649124 0.0072225000000000015 0.0 0 0 0 0
66 284.6386000000001 0.061065939393939395 0.16767649122807016 0.010798333333333333 0.0 0 0 0 0
67 284.6386000000001 0.061065939393939395 0.16767649122807016 0.010798333333333333 0.0 0 0 0 0
68 284.6386000000001 0.061065939393939395 0.16767649122807016 0.010798333333333333 0.0 0 0 0 0
69 284.6386000000001 0.061065939393939395 0.16767649122807016 0.010798333333333333 0.0 0 0 0 0
70 284.6386000000001 0.061065939393939395 0.16767649122807016 0.010798333333333333 0.0 0 0 0 0
71 284.6386000000001 0.061065939393939395 0.16767649122807016 0.010798333333333333 0.0 0 0 0 0
72 284.6386000000001 0.061065939393939395 0.16767649122807016 0.010798333333333333 0.0 0 0 0 0
73 284.6386000000001 0.061065939393939395 0.16767649122807016 0.010798333333333333 0.0 0 0 0 0
74 284.6386000000001 0.061065939393939395 0.16767649122807016 0.010798333333333333 0.0 0 0 0 0
75 284.6386000000001 0.061065939393939395 0.16767649122807016 0.010798333333333333 0.0 0 0 0 0
76 284.6386000000001 0.061065939393939395 0.16767649122807016 0.010798333333333333 0.0 0 0 0 0
77 284.6386000000001 0.061065939393939395 0.16767649122807016 0.010798333333333333 0.0 0 0 0 0
78 284.6386000000001 0.061065939393939395 0.16767649122807016 0.010798333333333333 0.0 0 0 0 0
79 284.6386000000001 0.061065939393939395 0.16767649122807016 0.010798333333333333 0.0 0 0 0 0
80 284.6386000000001 0.061065939393939395 0.16767649122807016 0.010798333333333333 0.0 0 0 0 0
81 284.6386000000001 0.061065939393939395 0.16767649122807016 0.010798333333333333 0.0 0 0 0 0
82 284.6386000000001 0.061065939393939395 0.16767649122807016 0.010798333333333333 0.0 0 0 0 0
83 284.6386000000001 0.061065939393939395 0.16767649122807016 0.010798333333333333 0.0 0 0 0 0
84 284.6386000000001 0.061065939393939395 0.16767649122807016 0.010798333333333333 0.0 0 0 0 0
85 284.6386000000001 0.061065939393939395 0.16767649122807016 0.010798333333333333 0.0 0 0 0 0
86 284.6386000000001 0.061065939393939395 0.16767649122807016 0.010798333333333333 0.0 0 0 0 0
87 284.6386000000001 0.061065939393939395 0.16767649122807016 0.010798333333333333 0.0 0 0 0 0
88 284.6386000000001 0.061065939393939395 0.16767649122807016 0.010798333333333333 0.0 0 0 0 0
89 284.6386000000001 0.061065939393939395 0.16767649122807016 0.010798333333333333 0.0 0 0 0 0
90 284.6386000000001 0.061065939393939395 0.16767649122807016 0.010798333333333333 0.0 0 0 0 0
91 284.6386000000001 0.061065939393939395 0.16767649122807016 0.010798333333333333 0.0 0 0 0 0
92 284.6386000000001 0.061065939393939395 0.16767649122807016 0.010798333333333333 0.0 0 0 0 0
93 284.6386000000001 0.061065939393939395 0.16767649122807016 0.010798333333333333 0.0 0 0 0 0
94 284.6386000000001 0.061065939393939395 0.16767649122807016 0.010798333333333333 0.0 0 0 0 0
95 284.6386000000001 0.061065939393939395 0.16767649122807016 0.010798333333333333 0.0 0 0 0 0
96 284.6386000000001 0.061065939393939395 0.16767649122807016 0.010798333333333333 0.0 0 0 0 0
97 284.6386000000001 0.061065939393939395 0.16767649122807016 0.010798333333333333 0.0 0 0 0 0
98 284.6386000000001 0.061065939393939395 0.16767649122807016 0.010798333333333333 0.0 0 0 0 0
99 284.6386000000001 0.061065939393939395 0.16767649122807016 0.010798333333333333 0.0 0 0 0 0
100 284.6386000000001 0.061065939393939395 0.16767649122807016 0.010798333333333333 0.0 0 0 0 0
101 284.6386000000001 0.061065939393939395 0.16767649122807016 0.010798333333333333 0.0 0 0 0 0
