1 115.68105026104222 0.26502592988235435 0.2809959291803296 0.30410425882353076 0.2138679172413787 10.507984193720558 3.2611443327680067 4.03437820096266 3.2124616599898914
2 121.85567785993506 0.26412679348837226 0.2868971574193554 0.2819293239215682 0.22480998644067818 16.52035089841783 4.803625960347747 5.206668589814241 6.510056348255839
3 87.52919658500922 0.16453597989304936 0.22617454451612928 0.12840619924528282 0.13805386000000006 12.155939685071624 5.225284375025964 2.6134025346573875 4.317252775388273
4 138.0226312962404 0.3060850849704131 0.30410921898305115 0.3116822123076917 0.3030769034482747 16.2342204376612 4.6016300542792 4.744993513260889 6.8875968701211105
5 157.3690778735905 0.3352534615204662 0.3593456960000011 0.33078970086956466 0.31257575733333426 15.235646548688173 4.468321598991223 4.59628821856973 6.171036731127221
6 95.13542482854075 0.21647124045976998 0.21903792561403437 0.2568697566666662 0.1862476197101452 9.681853149887013 2.654982616925813 4.151966875123692 2.8749036578375105
7 100.60452524207031 0.20909054494117651 0.2131260946666664 0.21419518857142836 0.20102070032786806 8.627586122309848 2.801460717000903 2.8807073667425014 2.9454180385664404
8 170.96979751751874 0.3213269775147951 0.3133799399999997 0.3233474240000012 0.32678748190476176 15.973772959833203 4.864524522731393 4.998279172048157 6.110969265053652
9 105.45319758943079 0.2415347344186046 0.25324085894736836 0.22337197920000018 0.24524071384615415 10.595834146039811 3.4558164504717768 2.968249998437066 4.17176769713097
10 144.7554742247669 0.3471364106666677 0.39270359081967415 0.3973809316666676 0.25443399999999955 16.47433860592149 5.419631215073184 5.540329634002404 5.514377756845899
11 131.7211248845209 0.2772341479069768 0.28401700203389824 0.30490547607843044 0.24801759741935428 16.91835103113028 5.586792676045293 4.614785702173223 6.716772652911761
12 79.29799536619342 0.18829388282352924 0.203314125333333 0.20006004319999945 0.16346850666666635 11.653377582352347 3.690843325812082 3.9461219051505356 4.016412351389734
13 125.51120484765231 0.27303278596491204 0.2915692348387098 0.32859627333333397 0.21047037245901692 15.597646784831916 3.7946257027853276 5.91103312981943 5.891987952227161
14 124.23645511800052 0.26231357365853464 0.2622489934545448 0.314617919999999 0.21965755600000023 13.321839269053998 3.1007767215445283 5.089639463420662 5.131423084088805
15 88.89643377233058 0.1821710649101797 0.19642873185185167 0.19593169076923062 0.15781915409836006 8.159506213330884 2.497370700953173 2.2282975701245307 3.433837942253181
16 143.11500707930108 0.2756290775141228 0.28030949559321927 0.32265764830188665 0.23303432492307619 16.35859051627758 4.130923762800202 5.591456040918685 6.636210712558696
17 86.34441497142723 0.20035267999999867 0.23992027934426188 0.23018551020408143 0.13576214266666653 16.524652080896693 5.925105899544864 5.19988043982534 5.399665741526496
18 96.031131787333 0.20724657142857106 0.23222644799999956 0.22045908408163206 0.17472830303030296 12.398880068880622 4.374823730862509 4.215127752095282 3.8089285859228315
19 71.34771056177027 0.1357644116756757 0.1348446268852458 0.1281623723636363 0.14263715130434748 6.874566238747848 2.2414319551743964 2.689948011314924 1.9431862722585287
20 109.25871474709693 0.1946542874576267 0.2264887561290324 0.2190140694339612 0.14199613419354812 11.831949371434545 4.264490619143346 4.235046491710547 3.332412260580651
21 128.33319900243515 0.3120045536363617 0.31583696918032833 0.35203347622641556 0.2740156787096781 14.4375162406769 4.1650425524715065 5.078601303251702 5.193872384953691
22 101.48970476507004 0.20876542606741696 0.21334752645161273 0.2153893433962261 0.19868355555555517 12.800927971062116 4.495768370813104 4.010215226420527 4.2949443738284865
23 109.1664512872806 0.22565939888268127 0.24719669806451616 0.2571872846153845 0.17989382030769155 9.955719080677188 3.173006706027369 3.6306093744385826 3.1521030002112402
24 129.03749299950402 0.2604284865217382 0.2892807367164182 0.26531150399999914 0.22793219343283527 15.216308175257549 5.503445121016033 4.781691563336896 4.93117149090462
25 105.62037513681518 0.21052949071038343 0.2222532616393438 0.23369559076923097 0.18310395885714298 12.763687965880248 4.479082932885324 4.801014409622629 3.4835906233722964
26 102.44402037234636 0.24726061636363572 0.2971534541935492 0.27169511840000027 0.17983747499999947 13.82095525558122 5.039113249896659 4.994296935159633 3.7875450705249265
27 100.41931582577233 0.21055145513513468 0.23263570838709569 0.23108501963636321 0.17380778235294034 13.182086812799255 4.2785670477767885 4.251019261655356 4.652500503367108
28 127.67827582369881 0.2620357704545463 0.25205574779661005 0.27491529384615376 0.26079094153846144 11.969331146324759 2.8825739640311543 4.217613947437775 4.869143234855829
29 113.75027415827937 0.27187674928961875 0.28797293079365016 0.27842720905660395 0.25155982686567085 17.989894620598992 6.031119431779302 5.749670901453177 6.209104287366508
30 300.2110596256823 0.22038519780219867 0.17302566193548385 0.211404075555555 0.27222264969696847 8.778063473442254 3.612055364342155 3.22166934667307 1.94433876242703
31 795.4303063726379 0.5139277550837986 0.5987814921212185 0.5459911024000026 0.39958626285714516 27.400308724771733 10.14215884230095 7.8445922591585555 9.413557623312231
32 520.6346808327901 0.5245027529670317 0.5585156866666694 0.5710360700000052 0.45409908969697543 26.982988133969176 9.35831699557302 8.0802350441758 9.544436094220345
33 100.50167677487705 0.5097550176000079 0.4894781905882412 0.5593944154386048 0.4904133984000101 24.47512522501851 6.55036047474343 8.061490620025138 9.863274130249938
34 160.6645917818088 0.48237743208333844 0.4072167496774243 0.4972687719298293 0.5345850476712426 19.469817604262186 4.2754761080357175 5.495706271169247 9.698635225057217
35 183.3840796111104 0.542638318039228 0.526422238857152 0.571143757241391 0.5358200294736973 26.57685104729772 8.6222304118967 7.996392420837739 9.958228214563288
36 309.5364890625018 0.5497729238578799 0.5887753182608819 0.5338483420689737 0.5245223600000101 27.141037830573786 10.244672409056182 7.006691207454456 9.889674214063149
37 49.259458048372075 0.1056637753271035 0.10018116333333327 0.06956198603174596 0.1394506207594932 5.287593811040455 3.108641973943369 1.7348407628521305 0.44411107424495544
38 84.9196519568686 0.503738421568635 0.4893741497142874 0.5540181280000024 0.47655891675675927 22.146249319218978 5.528591305966804 7.541849767161351 9.075808246090821
39 24.61772507617505 0.1291995517703355 0.11289686235294086 0.12368908190476158 0.14786291692307676 10.869264988558134 3.1355527549499396 4.57280553884733 3.1609066947608664
40 66.01729975931372 0.1409632473239444 0.1777081402739723 0.09401132698412694 0.14454238753246704 13.28667743246734 6.815523408130671 3.6684436883760023 2.8027103359606658
41 176.88118641290288 0.14561756874418885 0.19073350918919094 0.06033816774193538 0.17028520506329098 12.692663065470887 8.863219849683183 3.026197578422432 0.8032456373652743
42 155.83575667499946 0.12017451033175416 0.16463585942857137 0.07764726749999977 0.11510242077922013 12.178658174261889 7.938222183995457 3.237277735126211 1.003158255140223
43 231.11360924999946 0.14867934824644802 0.18231827666666772 0.08322563999999986 0.16992775168831167 14.2007032192111 8.616020603458805 3.539899804800574 2.044782810951719
44 139.55259777717637 0.0947363696682471 0.15125338253521178 0.05204378666666661 0.07755357506493485 10.925787058077793 7.9895050652350195 2.450500006154875 0.4857819866879043
45 133.25814199999934 0.10569816706976956 0.10905923459459443 0.019568518095238095 0.17207571692307738 6.944551086989856 5.49839339477949 1.1279582769888032 0.31819941522156225
46 31.789754207407434 0.07746232036866446 0.06874460159999991 0.009905399999999998 0.14127606153846084 4.180379259391171 3.3816665573092526 0.5856380205782267 0.21307468150369174
47 37.843673777710855 0.0981731713761484 0.08380088319999981 0.029073599999999988 0.16606310400000032 5.321197553347863 3.3166157041568307 1.7082920881709371 0.2962897610200951
48 71.22065912954785 0.09462880777777927 0.07747562958904113 0.02536304380952381 0.16482787200000026 5.110649598893657 3.392554393173637 1.4153920698388964 0.3027031358811233
49 130.9200484819275 0.0926929747465449 0.10809777279999985 0.02848673032258064 0.1280108159999993 6.290714965343913 4.285445515001079 1.7585117247185447 0.24675772562428805
50 20.916586750000008 0.08627192255707856 0.07901140906666677 0.04334579999999999 0.1274195519999993 5.887423099666743 3.414322512484569 2.2286607633209394 0.24443982386123758
51 25.84414770314767 0.09605369674418722 0.08587326027397256 0.06252746322580639 0.1313261759999994 6.41480258888257 3.275584304488512 2.8819748897394812 0.25724339465457413
52 35.979428983108114 0.07844545474654428 0.0724002810810809 0.03392595500000001 0.12017445265822717 5.620213877114438 3.524511023659043 1.8600996941891226 0.23560315926627434
53 38.87552575848191 0.09332196356807596 0.11950951783783732 0.033043179016393434 0.11561846153846095 7.056040771125613 4.406580616311048 1.851292534993453 0.7981676198211113
54 22.380174834677426 0.07826696747663611 0.05963434666666664 0.026395470967741946 0.13523673599999947 4.069485644199608 2.2365308847090373 1.5829044716918121 0.2500502877987574
55 27.191187467476475 0.10479485333333417 0.13361346666666582 0.06112973419354849 0.1131145536842099 8.855220933288726 5.0976075937194425 3.105847853708116 0.6517654858611661
56 96.31854740340874 0.5300416049523956 0.5224200533333445 0.5697452914285841 0.5047153846153957 25.328869185334494 7.4433612118046675 8.017702870999262 9.867805102530575
57 61.74099765489136 0.11875493804651302 0.15789088438356141 0.059535763809523766 0.12981675949367014 10.19480754271795 6.979408708479319 2.8186711777837155 0.39672765645491787
58 136.02419231707242 0.5616335490566222 0.5687108957746627 0.5760084232258206 0.5439913488607737 27.720151247688978 9.301335929440244 8.054780329112354 10.364034989136375
59 23.639432704449156 0.07920822165137663 0.08788092631578907 0.020358600000000004 0.11904476307692236 5.246676599761733 3.817373515510268 1.1909285441638144 0.23837454008764974
60 33.14330931849316 0.07425111851851918 0.08714081684210499 0.012967525000000002 0.11296865684210455 5.1146410068140735 4.1767828917961385 0.7518106696859592 0.18604744533197778
61 21.359825602941182 0.08490030109091 0.08274097263157872 0.016356599999999995 0.14178662399999964 5.053458576587429 3.8587634199722225 0.9350659193331612 0.2596292372820468
62 85.27499707771071 0.12740066433179797 0.08985608319999973 0.0334031070967742 0.23544681599999923 5.890062239744259 3.418984316729177 2.0484410349293016 0.42263688808577904
63 24.02966164318182 0.06940747407407406 0.08020592639999985 0.023140259047619058 0.09639402051282005 4.797611106636568 3.2488714515241677 1.3610355928905313 0.18770406222186897
64 60.537273428571474 0.21374839232877293 0.22252472320000205 0.19643555999999987 0.21937084799999998 17.66416627556209 6.197902200161051 6.050695672701448 5.415568402699585
65 46.00571385180722 0.11295083391705127 0.08592702399999988 0.023838379354838717 0.20734780799999994 5.294509554520477 3.402725621995352 1.5170631198575966 0.37472081266752666
66 52.17528618181818 0.10900265890909146 0.08973402947368392 0.01641348 0.20137919999999995 5.594802073374148 4.29391494169204 0.9350659193331612 0.36582121234894704
67 45.20065333080147 0.1206734770370381 0.12290303999999924 0.0812275199999997 0.15128807480519466 8.861307388126427 4.353012427559388 3.6051577911322377 0.9031371694348008
68 268.71413324380404 0.13416714739726063 0.1255229631999992 0.07446142499999976 0.19003564799999983 8.652570269698346 4.473932114937092 3.217459444506788 0.9611787102544657
69 110.86695283827575 0.0626305809174311 0.07058526315789475 0.01203348 0.09639543487179442 4.363833171387684 3.4427152040961877 0.7204384635500878 0.20067950374140903
70 98.37023991209132 0.06708033943925275 0.05944174702702701 0.013756679999999999 0.1194220505263153 3.658466221646513 2.6212947199992382 0.8263594622595297 0.21081203938774454
71 391.68897780948726 0.5052744316190625 0.4506334553424766 0.4896415475409943 0.57030597368422 18.41717174173556 5.383709621890507 4.709861931568104 8.323600188276947
72 218.50539627287603 0.5361793535545178 0.5103852845070551 0.570587148387109 0.5323087846153975 25.016052175543038 6.802657390758985 7.904804392433353 10.308590392350697
73 143.70126335716202 0.48289450747475815 0.5085829341176571 0.5146709694915327 0.43188571492958333 22.323494299357986 6.53387357888 6.430054086047455 9.35956663443052
74 116.75317434066883 0.42448293074285454 0.4630118806349189 0.45909913440000194 0.35741625290322615 20.533747322163332 7.03078260432353 5.780167914576995 7.7227968032627965
75 1.7060632450058755 0.013833119540229883 0.02104605423728813 0.01948908461538462 0.0024097333333333334 1.6129071849733494 0.6450217702018484 0.955997168478638 0.011888246292863761
76 24.866574668703024 0.03635121542168679 0.06887875172413802 0.032953271666666666 0.007626285333333333 4.908293944296325 3.199408573001372 1.3441016138050361 0.3647837574899165
77 3.2611758039634138 0.026298000000000012 0.04041113999999999 0.03649850382978722 0.005135341333333334 3.1422686875744046 1.1670307249132192 1.7980036154636263 0.17723434719755904
78 8.318852418592675 0.028122607317073202 0.038693140689655146 0.034802738333333305 0.01202368965517241 2.97152888224055 1.1378457560771174 1.6337720722409146 0.19991105392251793
79 3.3466830711382114 0.027874034698795184 0.04027477285714284 0.040373405714285736 0.0064492721311475406 3.2989970577491636 1.1910050968281392 1.7960021504530768 0.3119898104679482
80 67.58757985737188 0.061164012530120486 0.14618591448275875 0.029441646666666616 0.004354066666666666 8.15484450622975 6.586999012649706 1.3994513480248196 0.16839414555522245
81 2.47124962419769 0.02037614634146342 0.037793671428571415 0.01947561666666668 0.004840213333333333 2.132078893399675 1.1170598350604062 0.8550819525030077 0.15993710583626186
82 3.1786587179347823 0.02552778491017965 0.0310300449122807 0.045737546666666656 0.004822988387096773 3.1181269056155494 0.9142292260070394 2.0410729054133423 0.162824774195169
83 5.129847533841463 0.02454067853658537 0.040662911428571404 0.028471249999999955 0.006348803999999999 2.86505047202958 1.1926442990539063 1.3232187354365537 0.3491874375391191
84 38.95562425277777 0.0453441955029585 0.08268907525423715 0.05440162938775506 0.0019480944262295083 6.4636291412998474 4.077918382082718 2.2572972186838016 0.12841354053332463
85 33.21971810956547 0.044368513454545365 0.09099925285714276 0.041772114285714285 0.002966882666666667 5.842957176343564 3.7353772386827493 1.8969308663152822 0.21064907134553307
86 3.3218272936381075 0.023963013173652698 0.03240732491228071 0.041206447346938783 0.0022211436065573778 2.867250638850693 0.9250854641865107 1.7890928362252174 0.15307233843896467
87 6.099568620204603 0.02212449293413173 0.030943578947368416 0.030983792653061195 0.006767220983606556 2.77380077741008 0.9023863061576636 1.5310186971350555 0.34039577411736105
88 3.8086514326086953 0.027863186987951823 0.029976296140350883 0.05718759836734694 0.0019074639999999996 3.3491468115212424 0.8702225460788389 2.35045567173476 0.12846859370764382
89 4.915823896258762 0.03298312339393935 0.04093420654545453 0.032206358333333324 0.02653110967741936 2.800422196701909 1.2282021313295568 1.320470313015458 0.25174975235689456
90 3.703104102530956 0.029509251566265104 0.027477519999999974 0.03866881191489361 0.024433596129032252 2.790124293316365 0.7904144749037544 1.836632866536992 0.16307695187561755
91 6.839596046869014 0.04002729503030295 0.044507376842105296 0.04438090893617022 0.03248656524590166 4.0058557912162005 1.2620976006679112 2.2583156800400865 0.4854425105082036
92 6.1076773170693635 0.03716389658536585 0.03306090618181818 0.039602648510638286 0.03895491483870967 3.0987974607845774 1.009527640663869 1.7090227541486764 0.38024706597203006
93 22.45320764610567 0.05401516047619044 0.09772620827586209 0.03404986122448977 0.02849153573770492 6.401402277991495 4.579128140825896 1.6140095272571977 0.20826460990840132
94 20.8223321875 0.04650410299401171 0.11071916551724058 0.023279466666666637 0.0037222819672131156 6.887566872764587 5.28150611696522 1.3215148520362159 0.28454590376315003
95 2.4294815914634142 0.020815536969696978 0.030867492857142857 0.03006213333333329 0.004311501639344262 2.7641303405415467 0.9467348342097863 1.4891692988985017 0.32822620743325853
96 2.527433904891305 0.021486024096385562 0.02898388771929826 0.03721221224489798 0.0015199999999999999 2.6478604998448603 0.8559359855372816 1.6652620136332004 0.12666250067437912
97 2.675039297256098 0.022584819277108457 0.02950145714285716 0.03721221224489798 0.0044852459016393445 2.9412482266833475 0.8980228754256901 1.665013250325277 0.37821210093238156
98 19.86002255736534 0.03228443523809524 0.04490452827586212 0.026390979591836727 0.025019089836065576 2.806512858375544 1.5025027196949545 1.1305016456480472 0.17350849303254212
99 62.07434499999993 0.04587963786982246 0.11506786 0.015561066666666689 0.0016828852459016392 5.711944251088227 4.80841990192738 0.7617770277951317 0.14174732136571358
100 3.3655706556245684 0.029333193293413145 0.029436161403508777 0.03833835102040817 0.022003325901639347 2.7174376041685915 0.8702225460788389 1.7205266591827362 0.1266883989070175
101 2.5755740372728355 0.02328927369696968 0.031451492857142854 0.026574708333333297 0.013210828852459021 2.405327782092361 0.9589089726611697 1.2770563247660212 0.16936248466516893
102 2.3809769878048774 0.02057376829268294 0.031451492857142854 0.03146163333333331 0.0017109333333333331 2.6510958122615524 0.9589089726611697 1.5478704876782887 0.14431635192209413
103 3.428385861200256 0.029307587393939342 0.027751774545454518 0.03360099591836733 0.02726156590163935 2.5285580328212593 0.8653028167712973 1.495759519321227 0.16749569672873516
104 30.700897968749995 0.027879556363636416 0.06467462758620701 0.015820255319148952 0.00175744 3.918284373143868 3.0220848822317543 0.7455910576733823 0.15060843323873177
105 1.8038116494565217 0.015784809696969694 0.028615649122807004 0.01814053333333335 0.0017109333333333331 1.7954120980527815 0.8424051535334901 0.808690592597198 0.14431635192209413
106 30.444068390858195 0.027669607228915694 0.0621954689655173 0.01839920000000001 0.0017109333333333331 3.7723351653370587 2.80481695727545 0.823201856139513 0.14431635192209413
107 2.7646900874352327 0.023629933742331286 0.04071330181818181 0.03161345833333333 0.0015833600000000002 2.6781838912641724 1.2281580955177298 1.3199668471893131 0.13005894855712852
108 13.518303112118327 0.01983603132530122 0.03977523448275864 0.01839920000000001 0.0017109333333333331 2.482213777227171 1.5146955691655635 0.823201856139513 0.14431635192209413
109 32.13950480223881 0.029953887425149723 0.057762277966101755 0.03152976666666664 0.0013482666666666668 4.369836014473132 2.684325152778792 1.5674749422553864 0.11803591943895328
110 2.218830638586956 0.019177955878787904 0.030954684912280695 0.0266399883333333 0.0020204373333333335 2.337042907706921 0.9141248474601625 1.2770563247660212 0.14586173548073716
111 1.7639434374705605 0.015653605853658544 0.027630783999999974 0.018956904489795912 0.0019768320000000004 1.7965487784158924 0.859590309314538 0.7880265218796892 0.14893194722166495
112 61.939152374261084 0.04859713846153838 0.08339718372881344 0.03912092734693878 0.02255011672131148 5.371486028243004 3.4871231482265337 1.7561610533729493 0.1282018266435215
113 32.791659238099996 0.04087411688622753 0.05804390877192983 0.032582246530612244 0.03149089573770493 3.5952949729595867 1.9881011284841137 1.458343704158483 0.14885014031698904
114 19.64967962716449 0.026806330731707326 0.05508012070175437 0.024138580425531884 0.0020359680000000004 4.02751810499378 2.5724571221843315 1.3030618321912255 0.15199915061822195
115 27.34643772283121 0.030831026987951843 0.06074490526315799 0.03199744666666664 0.00196087606557377 4.015395051961355 2.301158620624901 1.5751167687806757 0.13911966255577896
116 17.75127146195652 0.03989386168674694 0.02702049263157892 0.023117865531914875 0.06444634322580643 2.212407673110197 0.790389972833324 1.2349843058296723 0.18703339444720096
117 16.340229624435068 0.03565424143712569 0.029760371929824572 0.039001436734693896 0.03847289704918034 2.796387808724622 0.8804638081157975 1.7532070448379473 0.16271695577087697
118 4.994432774833518 0.031002998536585308 0.026984199999999965 0.028009080851063826 0.036999176393442634 2.330497264812146 0.8139386585528788 1.2399454519885225 0.2766131542707444
119 75.61275387170016 0.05885105223529407 0.10833171999999988 0.018313142857142844 0.04274478163934426 4.677788938515224 3.669046407131723 0.8381972667486786 0.17054526463482067
120 63.73502673327467 0.05299143337278098 0.09441314305084719 0.026276241632653026 0.03438755672131148 5.34430973973661 3.880201439799574 1.3097917176009757 0.15431658233605916
121 5.757321392662216 0.03713523739644969 0.02531519017543861 0.021221548799999997 0.06083567483870959 1.9988116124532316 0.7765948848687244 1.0267852819100196 0.19543144567448778
122 92.71065534191155 0.04597652307692297 0.10175039999999973 0.032254375510204096 0.0014090666666666666 5.770841967633459 4.201164525709843 1.4515698567047148 0.11810758521889998
123 39.45805960409837 0.03599156654545451 0.055642540350877207 0.025798536170212723 0.02548282754098361 4.361780696861698 2.710413939196753 1.4142201861947261 0.2371465714702167
124 36.2248263198529 0.026228567664670653 0.05666997931034481 0.020347297959183656 0.0016049066666666664 3.597045612747064 2.6367360319817683 0.8331972346179002 0.1271123461473952
125 31.28005257720587 0.025399636144578318 0.05066282758620692 0.021174357446808494 0.0046344393442622955 3.80130835160158 2.3206450574490596 1.133288092737617 0.3473752014149042
126 3.9390452010015573 0.029453272771084307 0.02799413333333332 0.026574708333333297 0.03308183081967214 2.277614742197771 0.8225049894279959 1.2770563247660212 0.17805342800375365
127 11.945664183823533 0.021015653975903617 0.033682140689655166 0.0297718833333333 0.0017664 2.986327846328785 1.3870876915004413 1.454646852447712 0.14459330238063228
128 2.3956862161944046 0.020633590243902444 0.02950145714285716 0.03337822040816328 0.001632108474576271 2.5010169301583947 0.8979951942435409 1.475909389767458 0.1271123461473952
129 26.8633921937156 0.03319222168674699 0.07085027796610173 0.02603741276595741 0.0017664 4.6215243999499 3.0284980763263407 1.4484330212429277 0.14459330238063228
130 19.28287365076651 0.04163477333333333 0.050551542857142896 0.03311255833333331 0.04015489180327869 3.6450769893791293 1.8011177229283355 1.5934830632316332 0.25047620321916264
131 4.2501610588235295 0.03297804263473044 0.07770693423728794 0.017013333333333356 0.0017664 4.3970674789781 3.505271648833708 0.7472025277637585 0.14459330238063228
132 2.59210155062717 0.023667181204819237 0.022739985964912255 0.026574708333333297 0.02224568655737705 2.080543843972239 0.6588942168255855 1.2770563247660212 0.14459330238063228
133 3.636211817070747 0.030849162409638586 0.07130992000000005 0.018535199999999995 0.0015882666666666664 3.6273974277857297 2.6886117720168587 0.8117563947590357 0.12702926100983372
134 3.3388933559933403 0.02665537349397592 0.048424993103448354 0.03146163333333331 0.0017664 4.076419517866184 2.383955727807262 1.5478704876782887 0.14459330238063228
135 3.5316158795782457 0.029003000000000032 0.06727867796610176 0.015724936170212783 0.0017664 3.810796780120822 2.9088316068883757 0.7573718708518136 0.14459330238063228
136 3.22868374708657 0.026119106909090934 0.053319086896551744 0.02356439148936168 0.0018269866666666668 3.920361415804638 2.5033757377729375 1.266029991525726 0.15095568650597577
137 5.672255156062425 0.04177596190476178 0.0758939986440676 0.017013333333333356 0.028261896393442627 4.290783332436421 3.3989044171544673 0.7472025277637585 0.14467638751819373
138 3.820887266565561 0.030738002891566238 0.02950145714285716 0.03721221224489798 0.026672598032786897 2.7747151636773957 0.8979951942435409 1.665013250325277 0.21170671910857905
139 2.30325493190537 0.019877447272727285 0.027256207142857116 0.03360099591836733 0.00178304 2.4629154956214707 0.8224795887820494 1.495759519321227 0.14467638751819373
140 2.1909961994884917 0.017865098795180744 0.01780300350877191 0.03786814693877552 0.0015882666666666664 2.3272182823774137 0.5028769512338421 1.6973120701337367 0.12702926100983372
141 4.250895176470588 0.03298402107784421 0.07770693423728794 0.017013333333333356 0.00178304 4.397150564115661 3.505271648833708 0.7472025277637585 0.14467638751819373
142 1.6064870698529412 0.014450247852760733 0.026984199999999965 0.015653038297872356 0.0018097066666666667 1.6986687378775511 0.8139386585528788 0.7338606735384714 0.15086940578620037
143 5.421681062594268 0.04316271520958075 0.078937456551724 0.020520693333333336 0.026964060327868862 4.62222786699041 3.515141651585498 0.9030464246279603 0.20403979077695486
144 5.029233185856826 0.03283645927710841 0.030342961428571444 0.03905989877551023 0.03012641573770492 2.8306614088321718 0.9237903085670153 1.7532070448379473 0.15366405542720932
145 2.5362851796090395 0.021647117575757595 0.02950145714285716 0.03721221224489798 0.0016049066666666664 2.690120790716212 0.8979951942435409 1.665013250325277 0.1271123461473952
146 4.311486521226415 0.027053279518072303 0.050323753103448346 0.02938696333333329 0.002691541333333334 3.9885141205215304 2.4091762980757307 1.4301251994555637 0.14921262299023486
147 4.355961769348895 0.028050293012048203 0.04756226245614036 0.03665526530612248 0.002486528 3.7075480531287512 1.9408004006514397 1.6352332853108575 0.13151436716645243
148 2.741040213438735 0.01131623024390242 0.016694568421052634 0.015455591489361719 0.002964309333333333 1.3452439338933622 0.46846040807578787 0.7201490766786807 0.15663444913889402
149 3.1619215135135126 0.024202476606060622 0.04710868965517246 0.02395381106382976 0.002254592 3.568501583017138 2.1271676988762525 1.2882431226383957 0.15309076150249085
150 2.088176510464733 0.016970879509202466 0.027541127142857107 0.023163291914893597 0.002254592 2.2171178349266913 0.8290427675945279 1.2349843058296723 0.15309076150249085
151 2.7965237092946604 0.022332750060606078 0.030039155714285722 0.03842674938775511 0.0019966719999999997 2.7626150336494004 0.9130199059267338 1.7205266591827362 0.12906846853993176
152 14.520827138586958 0.027525815121951236 0.025923240701754367 0.027052954782608687 0.029379885901639338 2.4507514046972645 0.7619465919470957 1.4650785981324896 0.22372621461767894
153 92.3125393830091 0.038860761463414634 0.027048248421052596 0.023151526808510618 0.06238821599999996 2.276003003481409 0.790389972833324 1.2349843058296723 0.25062872481841314
154 2.6172047442611195 0.021435975757575776 0.027334342857142854 0.039001436734693896 0.0015857066666666666 2.707489343748379 0.827265820229453 1.7532070448379473 0.1270164786809781
155 25.724354903620604 0.03353765012048194 0.046703360000000034 0.037947768163265325 0.016932447457627117 4.185378940266815 2.2986024520507633 1.6973120701337367 0.18946441808231346
156 119.9681614716982 0.04965971006060604 0.04559390896551729 0.015513763404255339 0.08033764266666672 3.308114587887265 2.2678125864596343 0.7201490766786807 0.32015292474895035
157 102.20595691037742 0.049737268502993995 0.04095142068965518 0.037965949387755105 0.06784349866666671 3.884607400327818 1.9389588614686437 1.6973120701337367 0.2483364687254375
158 2.190461804878049 0.017948547878787902 0.018120914285714267 0.03786814693877552 0.0015199999999999999 2.350700065446135 0.5266995964053798 1.6973120701337367 0.1266883989070175
159 1.2877154634146342 0.010920677300613477 0.01696251428571429 0.015419642553191507 0.00175744 1.3612803036184775 0.4905227937010651 0.7201490766786807 0.15060843323873177
160 2.187984434782609 0.017840424096385563 0.01780300350877191 0.03786814693877552 0.0015199999999999999 2.326877420274597 0.5028769512338421 1.6973120701337367 0.1266883989070175
161 1.5499537103658538 0.013124107975460111 0.01696251428571429 0.02306132765957445 0.00175744 1.8761155327694694 0.4905227937010651 1.2349843058296723 0.15060843323873177
162 2.21065912195122 0.018952293333333356 0.021078378571428562 0.03786814693877552 0.0015199999999999999 2.4472245537836965 0.6232240847429421 1.6973120701337367 0.1266883989070175
163 3.3563539999999996 0.026126133652694616 0.058368954576271205 0.017013333333333356 0.0017109333333333331 3.2622067239409986 2.3706878442551433 0.7472025277637585 0.14431635192209413
164 3.261615309701492 0.026006802891566275 0.041585790877192996 0.03786814693877552 0.0015199999999999999 3.8656544190269644 2.041653949986209 1.6973120701337367 0.1266883989070175
165 1.285645304347826 0.010854087804878029 0.016664926315789478 0.015419642553191507 0.00175744 1.3392179179932 0.46846040807578787 0.7201490766786807 0.15060843323873177
166 1.5751609512195124 0.013346905521472382 0.017188800000000004 0.02356439148936168 0.00175744 1.9145697097981007 0.49793128503364387 1.266029991525726 0.15060843323873177
167 3.461385081081081 0.02909397204819279 0.05057649403508775 0.03786814693877552 0.0015199999999999999 3.912273386306598 2.088272917265843 1.6973120701337367 0.1266883989070175
168 2.232579701219513 0.018285100606060624 0.018120914285714267 0.039001436734693896 0.0015199999999999999 2.406595040150345 0.5266995964053798 1.7532070448379473 0.1266883989070175
169 1.9310644347826087 0.015955471515151518 0.018607607017543857 0.030611733333333297 0.0017109333333333331 2.1736791430466855 0.528590418735393 1.5007723723891988 0.14431635192209413
170 1.5499537103658538 0.013124107975460111 0.01696251428571429 0.02306132765957445 0.00175744 1.8761155327694694 0.4905227937010651 1.2349843058296723 0.15060843323873177
171 1.5143453043478263 0.012486785542168666 0.01748030877192981 0.02010671020408162 0.0015199999999999999 1.4406910725501707 0.4926835704219913 0.8213191032211625 0.1266883989070175
172 22.221359547169815 0.16986357204819738 0.18247054344827762 0.19889326666666812 0.1344530773333337 9.843554490035467 3.303602846586124 3.2052244177958316 3.3347272256535114
173 2.1892185434782605 0.01660312674698797 0.017520056140350865 0.0334178742857143 0.0019999999999999996 2.0976780457568935 0.4926835704219913 1.475909389767458 0.12908508556744405
174 1.6286950132043736 0.013499559263803662 0.01779181714285715 0.022863645957446783 0.002158250666666667 1.8922741393931977 0.5159451439586776 1.2237192755746287 0.15260971985989147
175 1.9857387204968944 0.016179401696969697 0.018656247017543856 0.030660533333333295 0.002241493333333333 2.1763282807020103 0.528590418735393 1.5007723723891988 0.1469654895774189
176 2.009240457970383 0.01513707365853659 0.018989394285714285 0.0266235083333333 0.0023524266666666662 1.9781585305177383 0.5535828152572224 1.2770563247660212 0.1475193904944953
177 2.9867399649122803 0.02424665445783134 0.05316696275862073 0.017245493333333355 0.0018912853333333333 2.9584339426774764 2.066014547923745 0.7472025277637585 0.14521686698997172
178 2.1073952071018653 0.014529474355828223 0.018379154285714287 0.025868902127659535 0.0020538880000000002 2.076704815854756 0.5233536352912563 1.4012625536432888 0.15208862692021116
179 83.31020571630431 0.03551327515151512 0.01886859228070175 0.029640083333333293 0.05602427733333331 2.202477449711993 0.528590418735393 1.4301251994555637 0.24376183152103661
180 3.1291427212686567 0.024004766060606062 0.042633324912280744 0.029547123333333297 0.0018737493333333328 3.6412921112465817 2.0660376037537063 1.4301251994555637 0.1451293080373108
181 1.9971401944093745 0.014311272195121938 0.01788820210526316 0.025720531063829752 0.001975936 2.0526257988438332 0.4996638401939868 1.4012625536432888 0.1516994050065579
182 83.09458838631708 0.03419446439024388 0.01805671298245614 0.025921845106382936 0.056005546666666635 2.150697312119982 0.4996638401939868 1.4012625536432888 0.2497709182827066
183 3.1968450912482065 0.014526908466257668 0.01815286857142857 0.025227955744680813 0.002760192 2.02825402714563 0.5159451439586776 1.3566936117354789 0.15561527145147352
184 2.8918968102301785 0.011931145365853648 0.017834397192982455 0.0164794825531915 0.002760192 1.411661352321696 0.4926225843139227 0.7634234965563008 0.15561527145147352
185 5.652501200000001 0.03348159616766458 0.07795907254237269 0.017316533333333353 0.002677461333333333 4.401616496778996 3.505271648833708 0.7472025277637585 0.149142320181529
186 3.2290592071018653 0.014804729325153374 0.018379154285714287 0.025921845106382936 0.002760192 2.080231460386018 0.5233536352912563 1.4012625536432888 0.15561527145147352
187 3.2265563863171356 0.014714456585365852 0.01805671298245614 0.025921845106382936 0.002760192 2.056541665288749 0.4996638401939868 1.4012625536432888 0.15561527145147352
188 4.569537488948787 0.02652193927710846 0.04765669517241385 0.030882773333333294 0.0026030080000000004 3.971304926710286 2.3217619868704413 1.5007723723891988 0.14877056745064507
189 2.893966969296987 0.012004342576687105 0.01815286857142857 0.0164794825531915 0.002760192 1.4349839119664516 0.5159451439586776 0.7634234965563008 0.15561527145147352
190 56.60008353893732 0.02919186048780485 0.019177965714285716 0.029607923333333293 0.03820531200000002 2.1954588024069324 0.5535828152572224 1.4301251994555637 0.21175078769414593
191 56.9207072071019 0.027980593865030653 0.018379154285714287 0.025921845106382936 0.03855462400000002 2.1433862431312716 0.5233536352912563 1.4012625536432888 0.21877005419672702
192 45.80375413631714 0.02430231804878052 0.017838169824561406 0.023271666382978694 0.03125060266666668 1.9246053785134518 0.4926225843139227 1.2237192755746287 0.2082635186249006
193 22.686781330188683 0.1734292703614505 0.18579360000000195 0.20720928000000174 0.1344530773333337 10.303724683332792 3.3937815057781715 3.575215951901111 3.3347272256535114
194 21.302158951219518 0.16478471067485093 0.16349773714285817 0.20236840851063975 0.13654532266666694 8.575591098363754 1.7990332297721605 3.433373802004259 3.343184066587332
195 23.20605950000001 0.1758915410778491 0.2080948393220373 0.1881064000000011 0.1344530773333337 10.19249514623164 4.29343780815893 2.5643301124191984 3.3347272256535114
196 49.64310003478263 0.034229884878048664 0.02681312561403509 0.03929921361702128 0.037304832 3.246309664127553 0.7227202617676437 1.9889557695184354 0.5346336328414749
197 2.520700344875776 0.0159586143030303 0.01884447438596491 0.029618163333333294 0.002289408 2.1059203503567905 0.528590418735393 1.4301251994555637 0.14720473216583305
198 2.6952632905923344 0.014468962944785271 0.01824315428571429 0.02522607659574464 0.0025199786666666667 2.0404256318639553 0.5233536352912563 1.36265613364551 0.15441586292718892
199 5.314284205882354 0.03184831233532924 0.07275128406779642 0.018118666666666682 0.002610773333333333 4.129413952744067 3.1854877140457445 0.7951168981834819 0.1488093405148404
200 5.6427445 0.03423791904191607 0.07949399864406756 0.01812538666666668 0.0026261333333333333 4.52473292031356 3.580729987642102 0.7951168981834819 0.14888603448797408
201 2.350338796747968 0.011809327116564398 0.017995337142857146 0.016328823829787252 0.002495445333333334 1.4336620061239675 0.5159451439586776 0.7634234965563008 0.15429336560898937
202 2.9605471014492757 0.014410552195121945 0.017880252631578955 0.025174114042553153 0.0026828800000000008 2.0175492189595308 0.4996638401939868 1.36265613364551 0.15522924512003414
203 4.596260130503144 0.02895920479041918 0.04787538758620694 0.039280267755102065 0.002244693333333333 4.244361234722367 2.3608473267171943 1.7532070448379473 0.13030686316722592
204 3.1332504919254656 0.016399887515151507 0.018809442807017542 0.030844693333333294 0.0025549653333333333 2.1778934768703797 0.528590418735393 1.5007723723891988 0.14853068574578815
205 2.950502252032521 0.014385715828220852 0.01797325714285715 0.02505098893617018 0.0026828800000000008 2.0278680008141907 0.5159451439586776 1.3566936117354789 0.15522924512003414
206 3.221458213768116 0.018603440963855435 0.018048359298245595 0.039280267755102065 0.002244693333333333 2.386390859239016 0.5028769512338421 1.7532070448379473 0.13030686316722592
207 2.4253861300813004 0.012500636097560964 0.019185645714285715 0.017293333333333355 0.002427136 1.4486777644792455 0.5535828152572224 0.7472025277637585 0.14789242145826476
208 4.532735637331536 0.02700849927710844 0.048207139310344885 0.03196039333333331 0.0025549653333333333 4.052992419419833 2.3395773674130087 1.5648843662610354 0.14853068574578815
209 4.508844993710691 0.02828001341317367 0.04687721931034487 0.03814697795918369 0.002244693333333333 4.126221385351727 2.2986024520507633 1.6973120701337367 0.13030686316722592
210 2.6309963913043473 0.014232156097560966 0.017671141052631588 0.025067002553191456 0.002477824 2.0035215766281014 0.4926225843139227 1.3566936117354789 0.1542053805786999
211 2.766346130081301 0.012578872195121939 0.01917988571428571 0.017286613333333357 0.002651733333333333 1.449799200797511 0.5535828152572224 0.7472025277637585 0.14901385777653015
212 2.992620380434782 0.01665862787878788 0.018870209122807017 0.03176675333333331 0.0024711253333333334 2.2245729708894486 0.528590418735393 1.5478704876782887 0.14811206447576697
213 2.9951232012195117 0.01676020487804878 0.01920717714285714 0.03176675333333331 0.0024711253333333334 2.2495653674112783 0.5535828152572224 1.5478704876782887 0.14811206447576697
214 3.4023195204968957 0.018288331566265092 0.018008611929824545 0.0381007412244898 0.0023739306666666665 2.331141179103199 0.5028769512338421 1.6973120701337367 0.1309521577356199
215 21.22697613043479 0.16312166243902856 0.16062935578947468 0.20236840851063975 0.13474606933333366 8.505269987846555 1.7376959660523128 3.433373802004259 3.3342002197899823
216 21.942321471698122 0.16855730891566706 0.18761485241379514 0.1881064000000011 0.1344957440000004 9.405387355025956 3.5061169781389885 2.5643301124191984 3.3349402644677717
217 21.200543804878055 0.16388524760736617 0.16349773714285817 0.20154591319149076 0.13474606933333366 8.514341303364143 1.7990332297721605 3.381107853802 3.3342002197899823
218 22.686536330188687 0.1747073812048241 0.1886130206896573 0.20720928000000174 0.1352637440000004 10.481675254127452 3.567684339101887 3.575215951901111 3.338774963124454
219 22.807051047169818 0.17565974746988428 0.1886130206896573 0.2105028800000019 0.1352637440000004 10.65596591610709 3.567684339101887 3.7495066138807496 3.338774963124454
220 21.43475195121952 0.16695598829268724 0.1641346285714296 0.2105028800000019 0.1347517440000004 8.914881032490044 1.8291559212559592 3.7495066138807496 3.336218497353332
221 21.06204947169812 0.1617696693975945 0.16818816000000134 0.1881064000000011 0.1344957440000004 8.207142316510568 2.3078719396235985 2.5643301124191984 3.3349402644677717
222 23.271328434782614 0.16907584771084774 0.16173698245614138 0.2186982922449003 0.1355227733333337 9.14393992097109 1.7754462224725136 4.030886800249158 3.3376068982494167
223 24.184905061320762 0.17518814083832818 0.18620244965517443 0.2100936946938795 0.13603477333333372 10.365914234825178 3.405506381332486 3.6202444894721544 3.3401633640205386
224 2.4480146376811596 0.012439970909090893 0.018859430175438594 0.017305653333333355 0.0024489386666666666 1.423794230791503 0.528590418735393 0.7472025277637585 0.1480012842923517
225 2.9372937681159423 0.016395869090909093 0.018859430175438594 0.030904053333333296 0.0024489386666666666 2.177364075416943 0.528590418735393 1.5007723723891988 0.1480012842923517
226 3.7760028050314465 0.022546490602409666 0.04767430620689662 0.017305653333333355 0.0024489386666666666 3.2169657989265534 2.3217619868704413 0.7472025277637585 0.1480012842923517
227 4.283169647035041 0.024868754011976066 0.04075372689655174 0.03361081469387756 0.0023739306666666665 3.536095895453558 1.92923434795048 1.475909389767458 0.1309521577356199
228 3.3645741459781524 0.02468968727272727 0.046267365517241435 0.024778757446808478 0.0037614933333333348 3.8081635602771664 2.2908550821971576 1.3566936117354789 0.1606148663445304
229 2.6208055290834316 0.018882650602409644 0.01780300350877191 0.039001436734693896 0.0034779733333333337 2.3925487461652053 0.5028769512338421 1.7532070448379473 0.13646475009341522
230 3.1589453635900044 0.022802567710843387 0.04742682482758626 0.017013333333333356 0.003630506666666668 3.2228654828098593 2.3217619868704413 0.7472025277637585 0.1539009681756577
231 2.5197111699901122 0.01824007272727274 0.017983771428571414 0.0366090285714286 0.0034779733333333337 2.293921620322782 0.5222235849185097 1.6352332853108575 0.13646475009341522
232 2.179610382782413 0.015611407317073172 0.018939885714285714 0.026574708333333297 0.003734186666666667 1.985057792517553 0.5535828152572224 1.2770563247660212 0.15441865249430983
233 1.8322026016451234 0.012708770909090896 0.018607607017543857 0.017013333333333356 0.0036612266666666685 1.4298473026210763 0.528590418735393 0.7472025277637585 0.154054356121925
234 2.392587426170073 0.017204518787878792 0.01779245714285713 0.03337822040816328 0.0034472533333333335 2.128200300808931 0.5159795488943256 1.475909389767458 0.13631136214714792
235 1.9410947629974329 0.013866036809815938 0.01696251428571429 0.02306132765957445 0.0037730133333333336 1.8861794863551185 0.4905227937010651 1.2349843058296723 0.16067238682438068
236 2.5822777681159423 0.018562004819277122 0.01780300350877191 0.03786814693877552 0.003516373333333334 2.336845506393829 0.5028769512338421 1.6973120701337367 0.13665648502624936
237 2.180583026268116 0.015511207272727276 0.018607607017543857 0.026574708333333297 0.0037188266666666678 1.9599887020225903 0.528590418735393 1.2770563247660212 0.1543419585211762
238 2.519399818638761 0.018237280000000015 0.017983771428571414 0.0366090285714286 0.0034702933333333346 2.293883273336215 0.5222235849185097 1.6352332853108575 0.1364264031068484
239 2.897916405908639 0.02080691855421688 0.04165952551724142 0.017013333333333356 0.003684266666666667 2.8637857658303987 1.9624138409850131 0.7472025277637585 0.1541693970816255
240 1.940829761182551 0.013862644417177902 0.016971154285714288 0.02306132765957445 0.0037557333333333343 1.8860932056353428 0.4905227937010651 1.2349843058296723 0.1605861061046053
241 3.7557056603773575 0.02891029461077844 0.046919459310344865 0.03813146122448981 0.003970816 4.134840083621435 2.2986024520507633 1.6973120701337367 0.13892556143693408
