0.12555646327683523 0.13919930000000033 0.0344557176470588 0.18354991515151514
0.10055115508021328 0.09339014193548387 0.022847719298245615 0.1722140764705881
0.12225716818181767 0.16102087017543887 0.03393849230769229 0.15782493134328363
0.12846493193717215 0.13519800597014955 0.02971044444444443 0.19820245142857112
0.11106640212765927 0.14302404057971083 0.02358896296296296 0.14981570461538496
0.10051088210526274 0.164459014492754 0.019141171428571423 0.10273061538461552
0.10802358888888836 0.1047549269841271 0.04559384313725492 0.15938484242424253
0.10964570710382468 0.12435795087719305 0.027394196491228064 0.16543901449275375
0.12024527578947362 0.15527681250000033 0.02226900350877194 0.16868917681159434
0.111002419354838 0.13868837377049187 0.034337534545454525 0.14711278285714316
0.09608219016393396 0.11445290491803287 0.039718428571428564 0.12692699393939447
0.10642023777777722 0.13980625294117668 0.022017450980392157 0.13976930491803302
0.13622212324324257 0.134581163636364 0.024537640816326534 0.2159484514285711
0.14318747368421042 0.17161654769230764 0.04192336271186437 0.20571312121212082
0.10576439135135099 0.14427382500000033 0.021632727272727276 0.1385316303030305
0.12216217528089846 0.15355968750000015 0.026108886274509784 0.16802371428571444
0.11445077094971995 0.10241968666666655 0.0401233433962264 0.185075296969697
0.10999419555555501 0.15683222222222248 0.027242399999999983 0.13408627936507966
0.10245208695652129 0.12193260895522379 0.02014714716981133 0.15021719375000075
0.11647692834224571 0.1443736242424245 0.038805833962264114 0.14993848823529443
0.14146683422459874 0.18081134193548465 0.037450218181818144 0.18834618285714252
0.13742469028571427 0.16656910000000028 0.04408569629629628 0.1898588246153843
0.11745645654450254 0.15792313333333338 0.025201790163934416 0.16316408571428556
0.12364394033149129 0.12390079344262286 0.03572918518518518 0.1953367999999996
0.12573012459016422 0.1716098812500006 0.09095506923076926 0.10889428059701507
0.10331543555555495 0.13623936000000023 0.028035762962962958 0.13497705454545458
0.11219213043478206 0.16514789253731352 0.02373964912280702 0.13708805333333346
0.12651472527472452 0.14205998769230777 0.028035762962962958 0.19488650158730128
0.13792699470899525 0.1483312121212127 0.038017970909090884 0.20863755294117609
0.11945018238341962 0.11722824615384649 0.025740572413793093 0.19915851428571418
0.11860357777777691 0.13385335238095233 0.05453504150943399 0.15664883750000025
0.12275194893616959 0.16679849491525445 0.03948615081967213 0.1592294117647062
0.1125105634408598 0.17489106451612949 0.0213573966101695 0.13574819076923106
0.11898023910614494 0.13556683750000023 0.04321830769230771 0.16466401904761915
0.09466310666666648 0.1248016553846156 0.022330530769230774 0.12327085714285735
0.1334231770114943 0.1548903859649125 0.05243569795918368 0.17378722941176467
0.121890110638298 0.1573493731343287 0.022305140740740748 0.1666933611940298
0.09933589405405377 0.1210950516129035 0.028066105263157896 0.14044665454545519
0.13008902947368356 0.1731170727272732 0.03929887272727272 0.16130073623188423
0.12495171366120192 0.1447250644067798 0.03461219259259258 0.17797609142857138
0.13447138541666603 0.1444767283582091 0.024051144827586208 0.22005371343283514
0.20094925217391293 0.2422471728813554 0.11138518518518523 0.23475041126760546
0.10200603885714234 0.1341926557377051 0.016048376923076927 0.14243208387096815
0.13671843010752677 0.12573365806451614 0.02203262641509435 0.23192129577464693
0.12205543368421021 0.13949068923076965 0.020429771428571435 0.18810971594202855
0.1475567431693988 0.1742883475409838 0.028293896296296295 0.21828565294117588
0.16361146736842205 0.20830141538461547 0.09762850909090912 0.17395741142857127
0.12325021857923399 0.13128164923076943 0.027521509433962265 0.19327450461538476
0.11887119999999936 0.14580880615384664 0.03947151428571429 0.15850999411764743
0.10288345617977475 0.12196638749999991 0.029385084615384614 0.144828741935484
0.1452497933333338 0.13917156666666683 0.03443875918367345 0.22686154366197087
0.11205261999999946 0.1580598950819674 0.02067352142857144 0.14873175873015887
0.09663502022471882 0.11616931724137948 0.032772378571428555 0.1348118750000001
0.1289571935828873 0.12769671384615386 0.020357131034482757 0.22865617499999957
0.10293731243243194 0.13870457647058843 0.01612997777777779 0.13873766349206368
0.1236213289617477 0.12852120634920636 0.05665248000000001 0.16704633142857117
0.14013068540540496 0.1730755419354839 0.09462704000000006 0.14689714705882376
0.116438284444444 0.1454265046153847 0.036988543999999984 0.1485652492307698
0.12400402637362622 0.14492421333333358 0.05132857037037039 0.1632578999999996
0.12158584086021426 0.1752255938461539 0.026476822222222206 0.14620230447761212
0.1029010892655363 0.11800813125000013 0.03459639166666665 0.13846685538461542
0.1421960256684492 0.14568332500000042 0.03701778571428571 0.22677504477611934
0.16083789772727256 0.19672250000000008 0.11941431836734706 0.15899728955223916
0.17467414623655966 0.2090284193548384 0.10873128727272735 0.196368237681159
0.11431691243243197 0.13982493750000038 0.023618285714285713 0.16734167384615364
0.09074925082872883 0.09178363870967737 0.022711563636363643 0.1482170750000002
0.11908465263157879 0.13961437014925399 0.023918054901960795 0.16739028333333322
0.11716004222222182 0.13598076551724173 0.032363127272727256 0.1704768835820896
0.12477320666666639 0.1696171125000002 0.02396265098039216 0.15971672000000028
0.12328921720430075 0.15699830322580652 0.027626057142857117 0.1713358882352941
0.13585997849462378 0.16086540000000024 0.028562614814814806 0.1986433090909091
0.09698067103825087 0.11494028125000019 0.028278969230769228 0.13314594626865722
0.13833315604395527 0.16404016129032276 0.03999726792452831 0.19233267462686607
0.11140855706806216 0.111944927272727 0.024880210526315782 0.18341907647058828
0.11287676808510583 0.12892445217391313 0.031165474509803903 0.1578765588235294
0.09982243199999957 0.1260958903225807 0.030452437735849047 0.13395002000000059
0.1273721824175824 0.15532838730158746 0.03990911111111112 0.17293779692307673
0.11228413922651895 0.16318512258064577 0.02998941886792451 0.13055321818181848
0.09958928387096727 0.09797289230769232 0.022888621428571433 0.1672862461538465
0.13703459891891887 0.17626894153846173 0.04394980740740741 0.17455499999999985
0.15199139664804506 0.18044030344827594 0.10360410714285723 0.16829372923076935
0.11022597068062782 0.16960776000000016 0.024370967272727258 0.11879112121212136
0.09526058142076486 0.15186855000000066 0.027023592452830175 0.09516437575757591
0.15740105136611954 0.1835352258064515 0.06997064444444442 0.20368348656716384
0.11548617849462373 0.15951770461538495 0.022691042857142858 0.15140123076923073
0.09319905573770451 0.13336637575757612 0.02234335094339623 0.11045388750000015
0.12267880219780211 0.14783403225806488 0.04790256923076924 0.15692497647058834
0.12065373932584236 0.16263698360655757 0.024676498113207546 0.1601196125000002
0.11640999576719534 0.15869716825396846 0.040859636363636376 0.13741250140845088
0.12145664395604379 0.1507148231884061 0.038224241509433966 0.16133169333333378
0.12665200218579142 0.15660854705882407 0.026923599999999995 0.16769555820895563
0.12953840430107452 0.16843493333333337 0.02514573333333332 0.1832401714285713
0.13291937021276568 0.16060919402985088 0.03606687692307691 0.17902243478260846
0.12685177754010615 0.12090839393939389 0.019738588679245283 0.21610563529411672
0.12054272090395449 0.15709626250000033 0.023338163265306123 0.1584114187500003
0.13159408618784388 0.17726219016393416 0.0406667851851852 0.16378075151515195
0.13335175078534017 0.1770726276923081 0.01833618620689655 0.18966124705882328
0.13898565181347125 0.16240601176470615 0.059270784000000014 0.17089443733333326
0.13298733894736825 0.1543328625000002 0.028437655172413773 0.2020721647058819
0.09155520219780156 0.138461470967742 0.021209614545454548 0.10633702769230768
0.11480584090909049 0.17758635932203426 0.03270389629629628 0.12638448253968274
0.13629163478260803 0.1394173253731346 0.030670143999999976 0.2119879522388056
0.13295869032258048 0.15477183636363653 0.022154196363636372 0.2045676061538464
0.12795571428571406 0.14718407536231887 0.04366958490566037 0.17482747462686596
0.13584561684210472 0.16630340289855075 0.02456688301886792 0.1916718764705881
0.10141553763440801 0.13842704000000003 0.026807445614035086 0.13027356250000008
0.12781600888888875 0.1320645666666669 0.0332742867924528 0.19879806567164163
0.12647462793296083 0.14365374482758636 0.0667518981818182 0.16114676969696984
0.1430834432989687 0.18644925714285718 0.02335792727272728 0.19452252173912987
0.12400537173912987 0.15515145846153877 0.015737807407407413 0.18280464615384637
0.13366347472527443 0.1386505187500003 0.04633457142857145 0.20739327741935484
0.10044817142857113 0.11092694328358216 0.027881949090909068 0.14953868656716468
0.11042112216216164 0.14768822857142874 0.02364346181818181 0.14661431044776163
0.12303901521739054 0.16034338461538497 0.02221991272727273 0.17179318125000037
0.12836730222222167 0.16890276721311528 0.04992897037037038 0.15549048000000038
0.1386928774193533 0.15970884242424238 0.025096107692307693 0.2051631470588235
0.11164972043010692 0.1432984060606064 0.020855098181818178 0.15634035076923108
0.11859188124999932 0.13780082318840603 0.041814118518518524 0.15946988405797144
0.118389623913043 0.1460254484848485 0.03482694117647057 0.15477368955223927
0.10929054489795899 0.12768011594202908 0.02514896551724138 0.16162867826086985
0.1439354543478257 0.17409678688524594 0.09906998518518519 0.15238319420289873
0.10982260507614157 0.1698685681159421 0.03193027368421051 0.11400135774647913
0.10590088085106342 0.13482462222222255 0.025872428571428553 0.14444287536231923
0.10463850707070661 0.13331949538461574 0.01972986 0.1488885698630136
0.12727642105263115 0.13410047761194044 0.03266916491228069 0.20205523636363637
0.1738435000000005 0.19530802539682554 0.12200336923076938 0.1945115261538457
0.12408634051282087 0.13641451594202925 0.01977638620689655 0.2005471235294115
0.11559790862944158 0.14370557101449272 0.04100402142857143 0.1466788666666667
0.11478046326530596 0.16154269850746292 0.03248802807017543 0.13641378333333362
0.09974379569892414 0.11961761159420305 0.015175742857142863 0.15489982295082017
0.09563913862433807 0.1484073448275863 0.022924533333333323 0.1179989058823533
0.11380247446808461 0.1524887753846155 0.025936542857142843 0.1497111701492538
0.11802515604395601 0.14504160625000034 0.031718923076923054 0.15982623636363613
0.13202630103092713 0.1263668242424245 0.03715453584905661 0.20404935466666582
0.15791268994709026 0.1984105124999999 0.07506106181818183 0.1859838171428569
0.11509309090909045 0.12429013548387124 0.040017599999999987 0.16963847647058836
0.13971543246073245 0.19084026285714287 0.02903163636363637 0.17772862424242428
0.12395721081081039 0.1426382000000004 0.04564506181818181 0.17110243636363642
0.12763798461538492 0.17256603125000036 0.03127806315789472 0.17054160000000013
0.09376800869565173 0.11440431999999999 0.04208263859649123 0.11925886567164203
0.133137170680628 0.1258964187500001 0.03061322142857143 0.2205280056338022
0.09766230888888848 0.10162983225806456 0.02215619285714286 0.16189385806451653
0.12913601263157848 0.1449604327868854 0.019406245614035096 0.20259861111111066
0.10770882094240793 0.167848 0.021899592727272734 0.11771146666666697
0.1321753755102036 0.14656773548387103 0.021000722580645156 0.2155156833333328
0.11092357362637313 0.1399557161290324 0.021989220338983047 0.16743396721311543
0.12211728983957192 0.146462375757576 0.02804439259259258 0.17395551044776128
0.133360504812834 0.15321835333333375 0.02135054545454546 0.20237546111111113
0.12937478375634495 0.17021044444444444 0.018069740350877193 0.17943684117647063
0.11848225130890053 0.15430950857142878 0.027714203773584887 0.15234693529411797
0.15889701249999966 0.16420397611940346 0.029892959999999993 0.24015882666666602
0.1254331917098444 0.14083399375000016 0.02445124137931034 0.19404307605633755
0.12104537513513439 0.12198267096774196 0.039476428571428565 0.18835505671641775
0.11201811308900478 0.14050829677419385 0.02123406666666667 0.16536088695652154
0.15023091099476468 0.14821986285714359 0.037516385185185186 0.2431765492537311
0.11261952577319517 0.11953849275362328 0.02161324 0.18928057846153856
0.12609800432432353 0.14015856231884088 0.049192269230769234 0.17342487500000042
0.11234128453608215 0.11131204117647074 0.029671928571428557 0.17947660571428584
0.13264868994708987 0.17126800588235316 0.025893161538461527 0.17504251594202908
0.1205499593582882 0.1503970892307691 0.02745628070175439 0.17233882461538483
0.1434243088082901 0.17708636969696973 0.0193684962962963 0.20475743013698575
0.11468328795811444 0.17282224516129036 0.035198806779661 0.1301828457142863
0.12474543867403225 0.14485795172413785 0.03018804363636363 0.18407089411764724
0.13797339574468112 0.19402302285714287 0.04053486153846154 0.15529657575757613
0.1320923403314915 0.1975191806451616 0.05514506415094339 0.13242175757575764
0.14546081473684142 0.15960048615384617 0.025068533333333313 0.2328620117647056
0.10967968704663177 0.13866844117647095 0.02643977931034481 0.1523166925373134
0.15208828085106443 0.18331278709677462 0.08440204285714291 0.17858128000000012
0.12565473684210543 0.1731863746031751 0.026695999999999987 0.16153073802816914
0.13217239578947323 0.12868266865671632 0.048051118518518544 0.20139501449275293
0.1033641948186524 0.09531172173913033 0.028365876923076908 0.16524660000000013
0.10604798453038622 0.14083088421052664 0.03203494915254235 0.14272712000000026
0.12319804772727258 0.13250381052631605 0.05171719999999998 0.17075887761193978
0.14923918502673836 0.15611196363636357 0.1038027407407408 0.17908940298507453
0.11491279191919111 0.14478385074626876 0.025108881355932196 0.16070542777777796
0.13440205245901501 0.15529262580645176 0.039765396078431374 0.1848485371428573
0.10420227727272673 0.13110040634920658 0.03542233962264149 0.13671485333333375
0.15170594565217427 0.153421950769231 0.049880846153846144 0.22906959999999932
0.10092112251308859 0.1401943636363641 0.035390915254237265 0.12022791515151537
0.14328378360655708 0.1925548666666666 0.03755050909090909 0.18532885882352948
0.10678932799999998 0.17563543013698615 0.0255627870967742 0.1069474830769232
0.11232635208333283 0.12880397647058864 0.026569016949152525 0.17292949538461547
0.09886310358974322 0.09878667042253536 0.027275164912280686 0.15984727164179105
0.13188151783783741 0.16269814925373147 0.023058400000000003 0.18884937846153846
0.13401128210526303 0.1990716923076921 0.028342518518518517 0.15481672676056343
0.13012809999999972 0.18744000000000008 0.040339636363636376 0.14550066875000062
0.1342157194029856 0.1385567246376812 0.02189719298245614 0.21558407466666596
0.1307980478260868 0.13567076307692338 0.07551977241379311 0.17816548196721327
0.1297190031413615 0.1610163880597019 0.0386746909090909 0.1719003420289853
0.1191019920398005 0.15132081142857207 0.04582286428571429 0.14374617599999992
0.14038891428571418 0.17357630144927547 0.07123270943396226 0.16091651343283608
0.12150167755101995 0.16882557575757623 0.02908273548387095 0.15983398823529435
0.1496247191709842 0.1686453746478875 0.025339858823529408 0.21987910422535156
0.11702852139303457 0.14106655428571446 0.031540159999999984 0.16557273802816908
0.13080523877550992 0.15517013939394006 0.026132296551724124 0.19279061666666628
0.13359018871794823 0.17960374375000002 0.02318444912280701 0.17883694054054072
0.10151595376884366 0.15814125070422544 0.017727098305084746 0.11489488695652189
0.11052175208333284 0.13021670724637718 0.02608614035087718 0.16285323636363663
0.126986930653266 0.1614559830985919 0.03750472727272728 0.16088033424657547
0.10356953469387714 0.09539352727272726 0.021618277966101693 0.17927010704225382
0.1108885784615379 0.1707992238805974 0.017166253333333333 0.1345551411764712
0.1092283057591617 0.13852354029850794 0.020062631578947367 0.15579043582089608
0.12487923417085423 0.1517888298507466 0.022369225806451617 0.1899174857142852
0.12554494432989663 0.13741355428571495 0.0366406896551724 0.191085006060606
0.14681141443298895 0.15267666874999997 0.0800897964912281 0.19376697534246576
0.13084956324324223 0.15544676774193564 0.026482857142857134 0.1953198447761194
0.1366057497435895 0.13109282352941215 0.027070928301886787 0.2201222972972967
0.10957058695652126 0.14358701587301628 0.027992357142857124 0.14688360000000025
0.12536139897435844 0.1287535935483874 0.03182006779661015 0.19709954054053994
0.11230633124999947 0.15474004848484874 0.04179000000000001 0.1287104628571434
0.1648389275675665 0.1412134857142857 0.0760615245283019 0.2546013217391303
0.1103421910447756 0.1015598388059701 0.021830533333333325 0.1900599891891889
0.15403379095477276 0.17915347605633794 0.022434385964912283 0.23456433239436544
0.1358898145833336 0.14384392727272743 0.021968000000000005 0.22837362985074555
0.1025556620320851 0.13038467878787896 0.03483767272727272 0.13115830303030324
0.13858441399999938 0.16495158260869577 0.04394461379310345 0.18885528767123255
0.13760756142131897 0.16306801126760592 0.01973393962264151 0.19842413698630115
0.08622796649214631 0.0868457764705883 0.02220194181818182 0.13739591176470625
0.14709414240837684 0.18890426060606055 0.07162170566037736 0.16432429999999992
0.11298322127659552 0.12956580000000031 0.037294101694915247 0.16328326956521755
0.14629714666666552 0.1619272521739133 0.04030756862745098 0.2184136666666662
0.11111827513227447 0.11713651875000014 0.049890000000000025 0.15522864927536287
0.12739632380952343 0.13667804776119438 0.04031911372549018 0.18118593239436603
0.14337207071823138 0.18697403174603214 0.05531503673469389 0.16609484057971027
0.12744281269841232 0.1258616761904762 0.04989624827586207 0.19505034705882365
0.11096099191919111 0.11554085714285724 0.021989220338983047 0.18239206376811606
0.1426897361256547 0.16789712121212133 0.030886638596491208 0.21194104705882302
0.1456025497326199 0.1810993969230773 0.10601502545454553 0.14366253134328394
0.13492515698924737 0.1487136492307694 0.030544148148148126 0.20567623880596989
0.11655606458333305 0.16884180298507512 0.01945585964912281 0.14643205294117684
0.1356982399999992 0.15999768235294132 0.026102262068965515 0.20387511884058027
0.1354658194871789 0.15638968823529434 0.029104974545454524 0.19695225555555562
0.11177723999999946 0.13750922461538484 0.0233396474576271 0.16549298181818206
0.13453653750000033 0.17012663492063543 0.045228757894736855 0.17409719444444438
0.12033126105263131 0.14416276250000026 0.029252971428571414 0.17140509142857127
0.11738247142857065 0.1409494625000001 0.02724722666666665 0.17154673888888877
0.14628717872340408 0.1660394092307694 0.09511210370370372 0.16773006376811592
0.14267415794871702 0.15210829411764729 0.02718315789473685 0.2275522399999997
0.11764672486187829 0.16284322666666673 0.05015871111111112 0.13156557014925396
0.10852962222222137 0.12123672 0.022118778947368422 0.16537358309859168
0.13384472210526324 0.16510674857142849 0.02235164912280702 0.19998382222222222
0.12789361758241682 0.1779265428571429 0.01993929824561404 0.17646684057971035
0.09037054226804095 0.11411860307692319 0.027258806451612883 0.1257332835820899
0.13310249583333258 0.18045238888888868 0.024732830188679247 0.1679442865671642
0.13574012227979254 0.14774107428571426 0.026544043636363618 0.21170655882352887
0.11335943917525798 0.1470613120000007 0.03554183859649123 0.14413303225806448
0.12433349374999886 0.16569554782608717 0.042431636363636366 0.14860732352941236
0.12266385360824619 0.17291874626865697 0.024673449056603763 0.14734511891891938
0.12532283789473608 0.18385814769230782 0.02711022545454544 0.14813567428571497
0.11523288723404228 0.15034673623188413 0.02150347407407408 0.15582569846153876
0.10495447179487115 0.10156734328358218 0.026342836363636345 0.16729115068493167
0.13491817326203143 0.17293207619047665 0.04709301481481481 0.1684564971428575
0.1501648061538459 0.18778310447761204 0.026769952542372872 0.21914843478260834
0.1488864089385474 0.18870893114754173 0.09904651851851853 0.15298297500000035
0.10750257419354764 0.1300167323076924 0.046900846153846154 0.13196445217391348
0.14128294285714252 0.17889634285714331 0.059837541818181815 0.17424939375000034
0.146985862295082 0.1641296387096777 0.03870717037037036 0.21839086567164126
0.1510223770833322 0.18168144657534235 0.03237715918367347 0.20210099999999995
0.11867981151832432 0.11903231549295791 0.02087368421052632 0.20677380317460292
0.14106095449735417 0.18849628235294116 0.037285022222222235 0.17655794029850755
0.13405087650273192 0.17350056811594208 0.024942211764705874 0.17917013333333323
0.1196324582914568 0.1352754253521129 0.02415858245614033 0.18063753239436625
0.10708287021276527 0.11284789538461547 0.023785192982456137 0.17334409696969708
0.10517284399999963 0.1624905714285719 0.02190394576271186 0.11785769014084531
0.1128007819095474 0.1429700588235295 0.021000722580645156 0.16555575072463796
0.09911022247190948 0.10803256969696963 0.04991239230769232 0.13193376000000032
0.1411307242105258 0.17351000655737742 0.021623508771929825 0.20830815555555493
0.11852435978835939 0.19036013114754086 0.030451655172413775 0.12889914285714302
0.17880959774011254 0.19174101052631584 0.13041990943396234 0.20608665671641752
0.14136921914893555 0.13895648571428595 0.040791959999999995 0.22706017222222155
0.12175329945945874 0.1305361627118645 0.024209928571428566 0.19238529714285674
0.14004826961325903 0.1707020338983052 0.027675358490566036 0.20015250434782614
0.10860543296703233 0.15191265882352947 0.028849725490196057 0.12642526984127012
0.11581427208121785 0.12205814545454571 0.016069508196721313 0.1968476285714279
0.13774551910112368 0.18046850666666703 0.11609963076923083 0.1159607757575759
0.13748541202185774 0.1383153122807017 0.08400704 0.1853853818181817
0.12730195578947331 0.16038347272727296 0.03143043636363635 0.17207809275362326
0.1471920241758238 0.19329648615384626 0.04330569230769233 0.18419662769230766
0.12147703276836085 0.14104573559322056 0.055461534693877546 0.1516249449275366
0.14553110702702687 0.20744108307692305 0.08124578518518517 0.13715624242424282
0.10400933038673982 0.11727303225806472 0.029967728301886785 0.15100713939394
0.11902214545454469 0.14080155932203398 0.05309952653061227 0.14762836470588275
0.1175752390804592 0.15580525818181828 0.07658752857142857 0.12063334603174616
0.13255638695652214 0.1712095375000005 0.020970777358490567 0.18390318805970127
0.1319044342245982 0.1854426909090909 0.04395482962962963 0.1500500119402988
0.13298928938547458 0.1660232687500006 0.05103956734693878 0.1617978000000001
0.13593074666666635 0.17053039245283091 0.03174249056603771 0.19844254915254222
0.13354875754189863 0.1640431809523813 0.023966336000000008 0.18745743030303016
0.15093955200000012 0.18770034909090944 0.06962411428571426 0.19049924999999987
0.11259694525139628 0.09978374035087725 0.03092560754716981 0.1859148231884057
0.15025450650887504 0.20570718545454564 0.04119741276595742 0.18123638805970121
0.10225168863636303 0.11011277192982453 0.03154952156862744 0.14868887647058882
0.1226695687150834 0.13645772258064542 0.02756254814814814 0.19062057777777772
0.12362938666666592 0.15270445000000027 0.04173616326530611 0.163372126666667
0.14272769281767891 0.1786131533333339 0.04130202352941175 0.18586457142857152
0.11187895333333256 0.13080795409836082 0.03450833898305083 0.16871557333333367
0.14012077142857077 0.14213287857142884 0.057913351999999994 0.20459969032258044
0.12587857499999922 0.15109141016949174 0.06045674782608695 0.15354851636363684
0.13168047529411678 0.20635194285714273 0.05274528888888894 0.1330287733333336
0.11853603720930157 0.13836202000000006 0.049111426415094334 0.16073850169491583
0.09992780108108039 0.09394588307692299 0.022623719298245602 0.17604140952380978
0.11855855280898835 0.13081816551724154 0.028526553846153834 0.17694982352941174
0.11364788022598805 0.12632548484848521 0.057557424000000024 0.14590691147541007
0.187370685393259 0.25459790344827554 0.1190053551020408 0.17963438309859134
0.11794576790123383 0.1439596482758624 0.03010836666666665 0.1662920214285719
0.11371762417582348 0.1243698666666668 0.036103538461538444 0.1639391343283583
0.16274594022988523 0.17854805079365077 0.11084138867924531 0.1930116000000001
0.14186744685714225 0.2029356275862071 0.02121403773584906 0.18644051249999968
0.15165049325153346 0.22044530181818217 0.10608611304347826 0.12442867096774232
0.12780255249999914 0.12036971428571436 0.05319675744680852 0.1966220491228072
0.11241165028571345 0.11904105846153826 0.025636250000000006 0.1726424193548389
0.1565750500000004 0.14648820645161326 0.04805227826086957 0.2501989133333324
0.11176890909090832 0.12583742745098053 0.05395192307692309 0.14868808387096832
0.10483762312138668 0.1152332912280702 0.029120120754716983 0.15913086984127006
0.13523859733333235 0.19638466415094327 0.037863310638297856 0.1619565360000003
0.14532091190476104 0.1747851728813565 0.07314804999999999 0.17361445245901677
0.12432001059602583 0.1921514461538468 0.05803434418604649 0.11223160000000007
0.12717295225806383 0.19375190370370388 0.05964290212765959 0.11937015555555568
0.1215491824999993 0.14592004137931058 0.05197555348837207 0.1482975932203394
0.16630010066225082 0.18202353333333343 0.11275706382978727 0.19776077857142887
0.1672277359477123 0.17733407843137275 0.12358228333333326 0.1964788148148148
0.11242150748299269 0.13949419130434826 0.056708000000000015 0.1349530142857145
0.21467404755244948 0.29279400784313675 0.1396819813953486 0.19917488163265343
0.16773745931034548 0.21383141960784333 0.11335983636363638 0.1685739280000005
0.18710620130718897 0.19921520000000012 0.16626631794871807 0.18942777931034538
0.18908504966442963 0.18128304444444468 0.16412620465116315 0.21782617692307693
0.12169938795180658 0.14057301428571461 0.033776199999999985 0.17735332666666698
0.12466053023255787 0.1681952140350881 0.0480148153846154 0.14853513650793676
0.13215719999999956 0.14689442264150956 0.06207174545454547 0.166525665671642
0.2021748300000008 0.21755575172413855 0.15635406222222242 0.2226983578947367
0.1510179272727272 0.17944332631578938 0.07358860909090909 0.18472815849056634
0.16300613253012033 0.2036438692307694 0.11011986896551734 0.18004615000000074
0.18742344473684355 0.2731013037037034 0.1538288292682928 0.13041949473684233
0.19319084550898202 0.21757482222222263 0.12798439069767442 0.21443574285714243
0.17401123023255805 0.2098131157894735 0.12244774400000004 0.18227995076923073
0.17242971688311726 0.230770096 0.12210206530612264 0.16423037090909107
0.18015182597402632 0.2289550596491231 0.13996229743589747 0.15921402068965534
0.12867137513513485 0.18103124776119395 0.018883309090909087 0.16883379047619082
0.11998478352941117 0.11437244363636365 0.032210369230769226 0.19733316825396788
0.14704984105960214 0.16916667857142928 0.07124710243902432 0.181667792592593
0.13529306486486417 0.21010391666666708 0.054058258823529395 0.1465594775510206
0.19853072418300693 0.2439712000000002 0.13738866086956514 0.20923228474576247
0.16154089113924078 0.2065426758620693 0.07002744999999999 0.1958205384615389
0.14267184836601216 0.15714539199999994 0.08332914042553191 0.17955452857142895
0.15584770062892964 0.18393900800000032 0.05864096000000002 0.21442010169491488
0.21727916417910573 0.24624964545454517 0.18314086315789438 0.21771289999999996
0.1347200870748291 0.12124450196078435 0.052594181818181825 0.2174276769230774
0.16577921360544243 0.19115561454545488 0.07686228292682928 0.20989474509803954
0.18731903661971896 0.24399345882352905 0.16365648421052642 0.14974887547169843
0.2649036444444458 0.32722019999999985 0.2279622243902436 0.2328037217391309
0.15581192380952325 0.16970855384615408 0.09019213636363639 0.19825596078431454
0.16841124637681154 0.21504845833333358 0.1407020526315788 0.1456105384615387
0.20696456737588578 0.19081705600000035 0.16333858461538459 0.2552105076923075
0.16537315714285777 0.2298866212765963 0.06149944761904764 0.19146262745098078
0.22516694202898715 0.24777553191489382 0.21680862702702736 0.21121608888888888
0.25339084028777076 0.323576765217392 0.25227269473684216 0.19546242181818224
0.1931885884057982 0.23554286400000052 0.15348594146341446 0.18276507234042585
0.17606019714285703 0.22775999183673526 0.0804392454545454 0.2116778978723409
0.28985413333333526 0.3545136818181819 0.28592516666666645 0.2346790857142857
0.15312719999999883 0.19364109803921584 0.05083561951219509 0.18919069152542398
0.1639231199999987 0.18478556666666704 0.11448116923076931 0.18323225833333387
0.12401488857142788 0.16191445853658562 0.061756282352941144 0.15779210833333343
0.20176100740740735 0.25367854545454555 0.15808271428571458 0.19257971428571474
0.18685278840579858 0.26682987826087007 0.14175244651162783 0.15135010612244923
0.12826772965517147 0.15116314999999977 0.04832255238095236 0.16933531636363708
0.13891508656716314 0.1826051809523809 0.09006005853658543 0.14221061960784337
0.2482050167938946 0.28724692173913074 0.19312042105263177 0.2545302723404256
0.1545545496402876 0.2395440979591845 0.04626479999999999 0.1703001244444449
0.17046748888888982 0.22030137872340433 0.14455386666666692 0.1480524081632655
0.15351213428571386 0.18606224799999974 0.08368837209302321 0.18276566808510675
0.1987877522388069 0.2619516444444447 0.16244556000000004 0.17044719183673512
0.3659054760563384 0.4121101333333325 0.32833347692307707 0.3487683692307678
0.401577218897636 0.44456277272727296 0.38609971891891837 0.372909895652172
0.2147310788732403 0.2649565120000001 0.1889410222222221 0.1864662642857146
0.2605745484848492 0.2762436622222231 0.25734665142857094 0.249187361538461
0.27115128592592674 0.3251544444444444 0.25268807368421076 0.23791013076923023
0.20876699856115322 0.2650397207547173 0.181926 0.16758284255319178
0.18495306666666758 0.21810635918367371 0.17023169729729726 0.16418728461538495
0.20635744460431685 0.2157898166666669 0.14681908292682916 0.24612382399999988
0.49428169206349304 0.5261846095238064 0.5196944333333311 0.44730708333333163
0.24179105038168053 0.2873483555555556 0.23161747000000033 0.2060707130434787
0.1986524872180459 0.25356293043478273 0.16770021052631576 0.17110771428571472
0.15906946099290778 0.226307736170213 0.11477356279069763 0.13445229803921582
0.1859501768115956 0.25714917600000003 0.11315352000000005 0.17244843333333365
0.1658220086956518 0.21124413023255847 0.1530758666666668 0.13907081509433986
0.2663127482014394 0.26053678431372607 0.2893424000000001 0.2560340307692299
0.15414491666666658 0.2258731916666669 0.08575346086956526 0.14820591200000025
0.2158048634482766 0.28850359999999975 0.15328117333333335 0.19566385833333366
0.20501425985401583 0.2378458204081636 0.18346051282051262 0.18933772244898006
0.23031451304347858 0.27476974545454563 0.15312042727272746 0.25912470399999943
0.2935927363636384 0.35307217021276643 0.3044365222222216 0.22857417142857164
0.4283731460317445 0.48385389523809313 0.4338870105263145 0.37316187826086716
0.28284904496124297 0.3237380372093027 0.2891357333333333 0.2431580959999997
0.2609125481481489 0.32252930833333354 0.1674953658536586 0.27987993913043435
0.18131694626865683 0.2034837826086959 0.1711840000000001 0.16872293846153896
0.19383690687022956 0.22631015813953526 0.15247109767441855 0.20233424000000033
0.2761292775193807 0.32168750222222253 0.26350117948718005 0.24151540444444486
0.2967957435114519 0.3340149551020408 0.2703816914285714 0.2776627744680844
0.2797118045801551 0.319425190697674 0.24773141052631592 0.2698633919999991
0.1493452671140936 0.19914642758620693 0.06447176000000002 0.15927610980392207
0.34571217230769213 0.3724278382978721 0.3449405837837829 0.3190363565217379
0.19831470434782617 0.24163410232558147 0.14497278095238061 0.20543973584905686
0.2752332477611958 0.3553710222222225 0.23669881999999995 0.23309400816326536
0.3108630952380971 0.3516464272727271 0.30934089142857113 0.2738165106382975
0.16052487659574388 0.17082123636363647 0.14910157000000032 0.15814732173913085
0.2906516571428579 0.30316452727272836 0.25340550526315797 0.30760827450980255
0.24623092374100805 0.24398224444444433 0.2497651487179489 0.24587426956521763
0.25094465671641975 0.3203091000000002 0.2256232648648649 0.20211604897959232
0.40186966774193456 0.4532270272727273 0.4045287542857139 0.34958540444444197
0.4089082425196833 0.4480317909090903 0.3763597189189181 0.3976660521739107
0.25190252000000046 0.3134279363636362 0.21992424864864887 0.22080206530612329
0.4952316351999994 0.5165905272727264 0.5072539675675656 0.463763054545452
0.34286944592592483 0.38922702222222144 0.34657581538461424 0.2991314196078414
0.30008524812030296 0.3262591272727282 0.26629229743589683 0.30341073599999924
0.19595632781955027 0.21889873333333365 0.17314989523809504 0.192622251162791
0.45395948800000335 0.4679315238095215 0.4411295999999984 0.4515221043478232
0.5240469934426246 0.5684477023255814 0.5256527222222184 0.4783019534883687
0.2746978158730167 0.3012710545454545 0.265726033333334 0.25630133043478276
0.24513804761904978 0.2934066727272731 0.23270546285714264 0.20920870638297923
0.2876310451612926 0.33203863414634205 0.2819613333333329 0.25323526808510616
0.3640884575999985 0.39572792888888864 0.3768186777777772 0.32131427272727126
0.45084170406503776 0.49573923720930124 0.46321907027026976 0.395293879069765
0.5207054912000026 0.558254133333333 0.522749348571425 0.48156718222222017
0.396921450793649 0.4362952799999991 0.3977430666666655 0.356890328888887
0.411395271317827 0.46429933636363496 0.4030971999999996 0.3685771404255294
0.5288516288000003 0.5668269217391299 0.5423074888888865 0.47696152558139254
0.39459202903225676 0.4411841953488356 0.3969429555555537 0.34818988444444254
0.16782800291970817 0.21237561702127672 0.08357322790697669 0.20036454468085158
0.23699753893129932 0.27869275999999993 0.21458658888888932 0.208598275555556
0.30655307301587564 0.34058558260869665 0.29567515675675604 0.2795062697674415
0.4347761203252001 0.46841270222222275 0.456732159999999 0.3817038511627884
0.4316136999999976 0.4871052272727263 0.43236223999999857 0.37677311999999746
0.4370388130081287 0.4659414363636343 0.4171135222222216 0.42414567441860196
0.37927277499999784 0.42886149090909104 0.38429433333333257 0.3300502833333318
0.2458973709923679 0.2781167255813952 0.2255951499999997 0.23395271666666673
0.4870430267716528 0.5254402545454544 0.5361619666666649 0.4134736680851037
0.5104138129032268 0.5538361217391299 0.5209061028571397 0.45542180465115983
0.26447472786885445 0.30830368780487777 0.24858187027027037 0.23699855454545504
0.24750498604651391 0.2797909499999999 0.23472386666666653 0.22329152000000052
0.5155389138211385 0.5522891142857134 0.5271432685714276 0.4731549826086941
0.5234448195121959 0.5455726048780474 0.5363862857142825 0.4945045957446785
0.30418157741935786 0.3298247727272728 0.2790002742857144 0.29869368888888803
0.6132366426229531 0.6433991636363652 0.6529636571428549 0.5500367255813959
0.6197279213114777 0.6613977090909104 0.6529636571428549 0.5500367255813959
0.22882869291338748 0.2681904952380956 0.21376623589743599 0.20566000000000043
0.25346584661654364 0.3328255619047627 0.22319977999999968 0.21184887843137287
0.23294148837209525 0.27019609523809457 0.1833926564102564 0.2406021333333334
0.513998152066118 0.5329250761904751 0.5366046171428538 0.4779491272727248
0.26968423548387305 0.31246400000000013 0.23963150769230773 0.2564589181818184
0.3243261795275616 0.36765385531914935 0.3053160432432426 0.29332558139534815
0.49384365528455465 0.5113474727272705 0.5131828114285681 0.4609564181818154
0.5411299460317478 0.587019162790698 0.5606778888888871 0.4841733021276568
0.32253531472868363 0.3934593636363635 0.27980284878048767 0.29143015454545396
0.3610896692913372 0.4056186285714281 0.38047534736842 0.30562430638297733
0.6065393666666686 0.6355494243902426 0.6439459333333312 0.5475614883720943
0.40533616062991884 0.43969445333333224 0.41181377297297106 0.3656518311111094
0.6149670466666698 0.6433000195121942 0.6534937999999952 0.5556969302325593
0.3492540322580649 0.383797311627906 0.3554004666666664 0.31132886222222106
0.2975045238095265 0.33597112380952415 0.29769994444444425 0.2636996833333329
0.4127467301587299 0.4526711813953468 0.40111579999999986 0.38512890212765727
0.41677058730158617 0.4609474341463408 0.4037858526315774 0.38873163404255096
0.49580309677419526 0.5443789395348829 0.5018840444444416 0.4445214222222197
0.3209884480000027 0.3612102697674412 0.32788378947368446 0.27572569090909055
0.470449395200001 0.512320078048777 0.5008937142857118 0.41366879999999767
0.6233815603305817 0.6705221767441855 0.6559458742857099 0.549735106976745
0.4950518000000003 0.5339807288888894 0.510256977777776 0.44395872888888605
0.6446091697479046 0.6686858146341461 0.6827275885714252 0.5906257488372114
0.5634353213114753 0.6039643627906985 0.576824444444443 0.5116967813953476
0.2906856444444466 0.3297677272727278 0.29371254857142814 0.25184408510638284
0.34498210967742066 0.3954676800000003 0.32392479999999896 0.3097777488372086
0.5781532557377079 0.6215096666666657 0.6142475885714253 0.5096139022222215
0.27432712977099377 0.2996921304347825 0.256236288888889 0.26380631836734636
0.5331301664000018 0.5715591720930223 0.540624905263155 0.4891018181818165
0.5276415450381682 0.5861032727272711 0.5188623589743568 0.48118471666666646
0.4542162655737699 0.4753548952380927 0.4592743333333314 0.4299000636363606
0.32070164062500245 0.3355406933333327 0.27791885555555607 0.3392638297872324
0.5434354519685053 0.58885432888889 0.5770545371428554 0.4749138042553157
0.6430476773109312 0.6681041951219511 0.680059337142852 0.5890308093023275
0.3229525070866159 0.3917326883720934 0.2865240699999995 0.2888522727272723
0.4286228524590145 0.46409121860465097 0.442810971428571 0.3826745818181793
0.4918805125000015 0.5598800869565224 0.5082410162162131 0.40891786666666396
0.5795163867768617 0.6160028878048754 0.586592066666664 0.5397284090909102
0.19795696969697116 0.23911181395348843 0.193117733333333 0.16785421886792484
0.41293697235772275 0.425158502325581 0.4265701999999987 0.38983874545454283
0.43547048959999823 0.4726130731707296 0.4510076842105246 0.3895300695652149
0.35810177919999914 0.3990175999999989 0.34745948108108143 0.3307872340425514
0.5828324033057872 0.6329545714285717 0.6167482514285688 0.5080099999999987
0.48053945806451737 0.5018267162790679 0.49281106285714044 0.45130340869564933
0.5403612754098371 0.5546601581395341 0.5685215999999967 0.5039871090909079
0.40821834516128913 0.43658646363636233 0.4046488888888867 0.3827706909090886
0.6130370266666685 0.6422806634146351 0.6504759771428549 0.5560062909090927
0.4404912283464552 0.48744954666666573 0.4456999675675669 0.3892501688888863
0.46052784262295093 0.49264335609755994 0.4745359542857116 0.42124479999999703
0.500841019672129 0.5427307238095235 0.5208815555555545 0.4444585909090887
0.537041541935484 0.5686152558139529 0.5885364666666648 0.4656751644444418
0.4060899587301567 0.43493414883720904 0.3765264 0.40234502127659244
0.5217391391999998 0.5526555809523801 0.5560712228571407 0.4696534416666659
0.6085732100000023 0.6329606761904772 0.6497716114285693 0.5512193116279072
0.6001896859504151 0.6264572952380933 0.6315309333333299 0.5482937674418618
0.4535826406504056 0.4863987809523804 0.47010130285714186 0.4110515304347795
0.12555646327683523 0.13919930000000033 0.0344557176470588 0.18354991515151514
0.10202217849462304 0.09492112786885246 0.022847719298245615 0.17475906470588223
0.12225716818181767 0.16102087017543887 0.03393849230769229 0.15782493134328363
0.1277140837696327 0.13519800597014955 0.02971044444444443 0.19615370857142836
0.11143539574468049 0.14302404057971083 0.02358896296296296 0.15088294769230806
0.10051088210526274 0.164459014492754 0.019141171428571423 0.10273061538461552
0.10826117318435703 0.10538813548387113 0.04559384313725492 0.15938484242424253
0.10964570710382468 0.12435795087719305 0.027394196491228064 0.16543901449275375
0.13050012903225783 0.15774152380952414 0.02226900350877194 0.1979693151515149
0.11228310601092834 0.1393558200000002 0.034337534545454525 0.15143962941176503
0.09661011428571381 0.11445290491803287 0.039718428571428564 0.12887971692307748
0.10584109720670339 0.13980625294117668 0.0224578 0.1363252655737708
0.13620721081081014 0.134581163636364 0.024481338775510203 0.2159484514285711
0.14422067021276586 0.1720817812499999 0.0415121793103448 0.20746281212121168
0.10562001318681283 0.1420114875000004 0.022033333333333335 0.13975480000000018
0.12173191685393228 0.15835283750000026 0.03623701960784313 0.15373986666666695
0.1303322068181814 0.13717906206896546 0.07306454339622641 0.17091787692307722
0.11321457853107283 0.15683222222222248 0.027242399999999983 0.14479101333333366
0.10379763715846943 0.12193260895522379 0.02008405283018868 0.15493695238095265
0.1159050181818179 0.14407864242424268 0.03715529811320752 0.14993848823529443
0.12495767567567544 0.15756569180327873 0.0381437407407407 0.16351286857142872
0.1268493517241376 0.13924189285714267 0.03977222222222218 0.1894772062499998
0.11781678095238081 0.1560046800000002 0.025473919999999983 0.16490805217391288
0.1296379646408841 0.14440476065573796 0.036133711111111085 0.1924933454545452
0.1228964335195533 0.16767064516129082 0.08426682352941176 0.1106859636363638
0.10805106279069705 0.14357625964912274 0.03255573333333332 0.13657177500000003
0.11242501420764967 0.16728179393939402 0.02373964912280702 0.13633365333333353
0.13064155909090822 0.1585428634920638 0.027272538461538452 0.18994331147541016
0.14080305792349723 0.1521982000000006 0.036441366037735845 0.21355882424242398
0.12865733763440843 0.12449452063492099 0.03597828148148147 0.20498960579710146
0.11653741942857077 0.14533883934426242 0.03274741538461536 0.15847602580645231
0.11452937967914363 0.15414820338983054 0.04014425333333334 0.14578815882352988
0.1141326054644805 0.17336209677419392 0.02135726101694916 0.1431893290322585
0.1265057241379307 0.13986045901639374 0.042509169230769236 0.18475460983606562
0.09805626820809207 0.12929561935483888 0.023223752000000004 0.12764292459016413
0.12912240930232563 0.15590618571428605 0.05352810833333334 0.16042586470588252
0.11890448913043475 0.15949078153846194 0.022773030769230772 0.15413921791044824
0.09455103333333305 0.11740933114754122 0.018601134545454544 0.1380336625000001
0.1293642806629825 0.17755307301587314 0.036037222641509443 0.15875566769230823
0.13042714022988414 0.14569338620689656 0.038250279999999984 0.18684230303030303
0.14429555530726185 0.1508923047619051 0.025984332075471697 0.23723046984126894
0.19341727683615823 0.24061363448275816 0.1190275607843138 0.20895384705882317
0.12149579171597556 0.1464801333333335 0.0401702196078431 0.1671603379310351
0.12405546519336995 0.11268827333333324 0.018793607843137265 0.21048955428571334
0.1257255038251362 0.1564941870967747 0.03672677857142856 0.17305273846153862
0.14862111111111098 0.17714567333333356 0.028293896296296295 0.2211392303030299
0.1724440219780224 0.21295815873015897 0.10553267692307694 0.186279832835821
0.11313318444444373 0.13128164923076943 0.026812 0.16138563076923118
0.1351053857923492 0.16813759365079423 0.05763638518518519 0.16695836969697017
0.11273656046511533 0.12195277499999993 0.029999477551020406 0.17145315932203425
0.14612105393258426 0.13919096666666683 0.03435020408163263 0.23152071884057887
0.11102822921348264 0.15539792666666702 0.019359403636363643 0.14879971428571442
0.09944376045197695 0.11818884912280721 0.032772378571428555 0.14108637500000037
0.1354453695652169 0.12644095000000022 0.01993929824561404 0.2490982095238094
0.11644304666666593 0.14753970303030325 0.025636585185185183 0.16396254000000068
0.12925127727272617 0.12773692459016406 0.056752232000000034 0.18644093538461556
0.13972570434782564 0.16964036774193558 0.09472869818181824 0.14898131940298528
0.11761812499999957 0.14883059375000005 0.04504500408163263 0.14235598095238114
0.11542650742857076 0.1267608733333335 0.025134290196078445 0.17675215000000008
0.11948622824858689 0.17227147692307695 0.028559383999999983 0.1374749548387097
0.10324560930232508 0.11678115483870967 0.03459622499999998 0.14285797419354848
0.14379137142857104 0.15038278709677463 0.03769083636363636 0.22728155076923098
0.1633970959537566 0.1999842413793103 0.11941431836734706 0.16389863636363658
0.17327633186813257 0.20618414838709676 0.11074482962962971 0.19352506666666625
0.12158251270718162 0.14681607096774252 0.03198843636363634 0.17413241250000022
0.09084690395480188 0.09178363870967737 0.02402184615384616 0.14508222857142872
0.12123744615384592 0.14386775384615408 0.025425033333333336 0.16657115362318853
0.11813553932584227 0.13493453103448308 0.03358437735849055 0.1704768835820896
0.12387269152542355 0.1625378476190484 0.02396265098039216 0.16608709206349237
0.13489943425414352 0.16334522711864427 0.027626057142857117 0.2004904545454545
0.12075082378378325 0.15608915692307757 0.028575999999999994 0.16136368484848476
0.1042670288888884 0.12519486875000047 0.039570399999999985 0.13298596363636433
0.14126188764044875 0.1617350229508199 0.043915678431372555 0.19756181818181806
0.12141119999999953 0.13381138750000005 0.017750896551724134 0.20048219393939354
0.11879027709497139 0.13498534328358217 0.03650390638297871 0.16159627692307718
0.0917413609195399 0.12789660666666686 0.030446143396226408 0.10943532459016381
0.13472197977528055 0.16100629032258076 0.039917407407407415 0.19100939354838697
0.11681950857142819 0.16726931803278747 0.03313210612244896 0.13256172923076953
0.09640387759562814 0.09908863492063501 0.02220250714285715 0.1586872687500003
0.1338011347826081 0.1731578400000003 0.04477904905660377 0.16652817575757628
0.16629892114285696 0.1840644137931035 0.10786185185185189 0.2000323047619047
0.12380425591397823 0.18092998823529433 0.030825553846153823 0.13820338787878816
0.10085712662721853 0.1615857928571428 0.03592565599999998 0.09840900317460331
0.15722141005586482 0.18260721311475425 0.0732501230769231 0.1999179696969698
0.11614768839778988 0.16811696774193582 0.02386036428571428 0.14703649523809506
0.0947778813186808 0.1408429000000001 0.021603333333333342 0.11045388750000015
0.13449622758620708 0.1473432327868858 0.05415073043478262 0.17796228059701497
0.1233093333333329 0.16581689491525464 0.024905076923076915 0.16472322539682568
0.12872889347826078 0.16022975238095263 0.042996316981132085 0.16636525294117627
0.12971125393258412 0.14947890000000025 0.0454531924528302 0.1844740140350883
0.12717434831460564 0.15474128823529454 0.027653321739130425 0.1694152125000006
0.14135123497267685 0.17256053333333327 0.025499449999999986 0.21393953442622926
0.1338477232432427 0.15308748656716428 0.03567687692307691 0.19166317575757547
0.13159255690607694 0.12469807499999995 0.02093736 0.22075683582089473
0.12123915681818122 0.15562341250000025 0.0251130612244898 0.16107386031746065
0.14968838843930535 0.20758668965517213 0.034446128301886765 0.19403900645161276
0.14106696830601073 0.18503965901639344 0.023488607142857144 0.2001889999999995
0.1417508652631577 0.16773417846153887 0.059300767346938774 0.17268691052631543
0.1329225361702129 0.1554217500000002 0.028437655172413773 0.2029251636363632
0.11832195885714217 0.17039460983606589 0.03399471698113205 0.13951723934426266
0.10599711162790658 0.16370486896551725 0.03258004528301885 0.11491603934426217
0.1354007685393249 0.1415863619047621 0.023110106122448983 0.2128636484848481
0.13271945635359073 0.15442916190476247 0.021899592727272734 0.20775725079365093
0.1205265069518714 0.14576182028985513 0.044524523076923075 0.15402448484848494
0.1349700131147536 0.17242958181818174 0.02503932307692307 0.18487869538461515
0.11393680893854682 0.13968349375000003 0.02703448571428571 0.16849176271186503
0.14518151812865498 0.1404836928571431 0.03831502745098037 0.2344513499999995
0.12443109302325535 0.15504986909090943 0.06540709433962263 0.14699733125000022
0.14305603749999954 0.1864294057142858 0.017502666666666677 0.19811112941176431
0.1305214840909085 0.15906617500000045 0.02894823529411763 0.18549485245901648
0.13192104044943775 0.13425228387096785 0.0502275490909091 0.20320964590163937
0.11351225136611974 0.12305200625000012 0.03312784905660375 0.1688126909090909
0.11487853485714235 0.15782562711864448 0.017348000000000006 0.15453024375000057
0.12681880893854675 0.16265142500000035 0.02445494339622642 0.17733489677419392
0.12992838636363568 0.17756186206896607 0.050862966037735866 0.15189339692307727
0.14833731843575404 0.18151380000000003 0.021201647058823523 0.21647207499999954
0.1190768584269658 0.14897668571428602 0.02203332830188679 0.17165134193548426
0.12008625217391235 0.14269023283582113 0.04427377254901961 0.15572215757575777
0.13130862727272719 0.16333076875000047 0.035849674999999984 0.17088070000000008
0.1167798417582409 0.12150904615384601 0.024081303703703698 0.191356393650794
0.1649262426966288 0.206878759322034 0.12191695686274512 0.16078322941176468
0.11809739682539638 0.16588933731343344 0.0336846222222222 0.13804195294117683
0.12000758399999943 0.1338769901639345 0.03205003846153845 0.18013272258064505
0.10923509892473064 0.12439756065573783 0.015275185964912282 0.1743939941176469
0.1252339977900547 0.1382266461538463 0.0234079709090909 0.20319972459016417
0.18036907906976693 0.21030194 0.12947296326530627 0.19144746031746046
0.13201508666666628 0.1429013818181821 0.02280138039215685 0.20902149206349194
0.13049107173913047 0.1447313818181821 0.053477058823529426 0.1750859104477616
0.1281620568306011 0.17655548750000036 0.03581575999999998 0.15912872500000025
0.10548059408283969 0.13044444590163978 0.02713076923076923 0.15104123571428613
0.11085953216374189 0.1561704428571432 0.035613228571428554 0.13927278644067814
0.1119507163841803 0.15597507096774224 0.027931661538461522 0.13797422222222244
0.12586590179640672 0.15115411803278747 0.03609520869565215 0.1689804133333335
0.16860927485380087 0.172806021428572 0.10710542978723404 0.20766314117646978
0.17398009017341043 0.2153613016949156 0.09167420408163265 0.19846465846153832
0.1089608781609193 0.13301083448275897 0.04226908679245282 0.14292544126984116
0.15556681839080425 0.2024277575757575 0.031857568 0.20888820689655152
0.15516615384615384 0.16412788387096822 0.07218795102040815 0.21568864827586234
0.13825405476190455 0.18487328000000033 0.035987951999999976 0.17818770344827636
0.12343406545454513 0.14572811851851855 0.0938086530612245 0.12743029677419357
0.1366217853107343 0.12213621754385982 0.033034246153846154 0.2279780999999994
0.10176200749999953 0.10969552280701753 0.026939378723404257 0.1564843857142861
0.13628162272727193 0.15606445000000044 0.02734618867924528 0.20591952835820873
0.11344990112359511 0.1804208918032789 0.016879305660377368 0.12959070000000045
0.13811122197802114 0.1927157333333339 0.026102262068965515 0.18879516571428576
0.11530434883720882 0.14561284210526348 0.021607141818181817 0.1724003866666673
0.12698788901734062 0.16378130491803317 0.029397120000000002 0.16949014838709694
0.1374428482758618 0.16391055172413818 0.02302509803921569 0.2035994400000001
0.13235563977900502 0.18558748124999996 0.019824469230769238 0.16996768615384622
0.1317786511627906 0.18271636250000017 0.04817310400000001 0.14764526896551722
0.1573033348066293 0.15253210793650787 0.03249234782608695 0.24121851111111053
0.12723851366120237 0.14052138064516143 0.023221257142857138 0.20418356923076902
0.11730978514285663 0.11604756065573776 0.040194181818181816 0.19050222372881384
0.12593140224719115 0.17051183859649124 0.024880210526315782 0.17622566875000037
0.14242884972972927 0.13534844179104477 0.046320292307692315 0.22533843030303002
0.12375633483146001 0.1445953049180329 0.03159955714285714 0.18752030819672147
0.11813871864406718 0.15101047272727314 0.036253952000000006 0.14969121967213156
0.11770737391304302 0.11826885625000016 0.030774644444444426 0.18828968484848504
0.1465493733333328 0.1868516861538464 0.03322641568627451 0.19592156875000033
0.1454544790697671 0.15724526451612908 0.08993584615384617 0.18262586206896583
0.1412911726315782 0.1798107753846154 0.01973393962264151 0.19599616111111073
0.11732413846153791 0.17348577049180347 0.03643385263157893 0.13583799375000039
0.13106785348837124 0.15433017037037047 0.030557381818181812 0.19887596190476206
0.1398838681818174 0.1875187749999997 0.042188800000000005 0.16949869677419385
0.13356678628571406 0.198706472131148 0.05514506415094339 0.13656400655737758
0.16162576312849097 0.18322398688524602 0.0431577769230769 0.23500218181818164
0.12197544545454493 0.1540227737704922 0.020846400000000005 0.18209561999999999
0.17230859653179295 0.19595504827586252 0.09451454400000008 0.21105026461538434
0.12174618426966292 0.15183770847457664 0.027538074074074066 0.17269753846153876
0.1743012491620111 0.18532086984126958 0.08884603773584901 0.23517252063491956
0.11673260666666647 0.13383027096774208 0.032276575999999994 0.16324358235294145
0.10837443764705845 0.14337336428571462 0.03458748363636361 0.143939566101695
0.12108535568862211 0.11839054814814798 0.05383822857142855 0.1748451812499999
0.1749215839080449 0.1868383868852459 0.12722656800000012 0.20123627936507904
0.11783009839572132 0.1738892698412701 0.03165599999999999 0.13385400571428602
0.1669254309523814 0.21067685818181864 0.09412381666666667 0.1836661846153848
0.10207853892215521 0.13580674385964922 0.03563568627450979 0.12692731525423753
0.15584202234636904 0.1548805777777779 0.0547173019607843 0.23611789538461467
0.10171745111111082 0.14238024000000046 0.03796479999999998 0.11610602666666665
0.19110881627907114 0.2516193543859649 0.10427359230769234 0.20803470476190436
0.12355793186813199 0.19209680000000007 0.039140116363636374 0.12207168965517257
0.09455941777777727 0.11742385846153852 0.04161629629629631 0.11706335081967244
0.1129684087431689 0.12438557014925405 0.03631854615384613 0.16329408125000022
0.12972774252873515 0.16474745625000037 0.024572704 0.18000258000000025
0.14332787727272653 0.22071535999999994 0.045222826086956526 0.14146478285714334
0.12976577471264333 0.18994818461538437 0.04350352941176472 0.13817125517241394
0.14659535604395618 0.14852481875000015 0.02332400000000001 0.24520914461538346
0.14681761939393922 0.16037723448275906 0.098039936 0.1758075578947373
0.14788620229885072 0.1805914645161291 0.05695067234042552 0.1824437969230769
0.1291145720430098 0.16016277575757643 0.04953466923076925 0.15983477058823575
0.13930637999999915 0.166467779104478 0.08055453061224489 0.15585367500000055
0.12323495642458056 0.17532577049180365 0.031633852631578925 0.156738616393443
0.15259143728813532 0.15815542028985533 0.029014145454545445 0.2315521562499996
0.12959752967032903 0.16224878095238124 0.03390197142857142 0.1820089968253972
0.1301486382513654 0.14313367500000035 0.029021907692307673 0.19623143880597002
0.14328299421965301 0.19014206101694928 0.025530290196078425 0.19472272380952385
0.12314112584269594 0.17108468750000028 0.022631392592592593 0.16246008666666756
0.12276402758620623 0.12431171333333325 0.037463930769230755 0.1928082838709678
0.1380653564245811 0.1663621107692311 0.04583911111111112 0.17155654492753633
0.10481447955801058 0.10321266885245901 0.02361997037037037 0.1727268121212121
0.11700936045197669 0.17153896774193575 0.023683773584905667 0.14225807741935542
0.1139109909090903 0.1344342774193551 0.027569519999999993 0.1614833312500004
0.13408074535519052 0.1640298645161294 0.022808257142857145 0.2013794215384611
0.12711796022099392 0.1455767111111116 0.0393548148148148 0.18299778125
0.1530987626373616 0.16421901379310358 0.08300215272727277 0.1996254144927534
0.12703449425287278 0.14097361355932195 0.03292 0.18918185625000028
0.13258213989070966 0.13076179354838754 0.027153431999999998 0.20841730704225322
0.11096055681818125 0.13963979016393488 0.028934098113207525 0.15286328387096798
0.13121592369942153 0.12989149433962255 0.03752476153846152 0.20389438235294105
0.13212118830409278 0.16776856271186483 0.044912892307692305 0.17264846000000056
0.16800392727272603 0.13983817333333334 0.079750048 0.26046815757575736
0.12072800874316895 0.12364101694915254 0.029634065454545437 0.19084828985507205
0.1450667299435024 0.18991306060606059 0.02453956981132075 0.20417158620689677
0.13744804808743122 0.1393495876923079 0.0246688 0.22750497230769154
0.10221584545454496 0.13592914754098398 0.03684753846153845 0.12352760000000022
0.13714714917127085 0.161119306666667 0.041745985185185186 0.19257003582089532
0.13173964861878437 0.1726080242424246 0.021587412244897963 0.17265096363636404
0.09941133647058799 0.10090846666666678 0.024496536 0.16034320666666704
0.16238858728323663 0.19619080000000014 0.07746837551020408 0.19570851428571484
0.11926730526315742 0.1386914142857146 0.03942180769230768 0.16790565079365102
0.16664724311377202 0.20474204000000046 0.06731678333333335 0.20871799322033882
0.11393385088757352 0.1302610689655172 0.058258338461538495 0.14695330847457658
0.13617918830409304 0.15233602000000043 0.043039668085106356 0.18943149374999957
0.19300410361445808 0.2379994275862068 0.13206567111111114 0.19510728888888862
0.13419368092485504 0.1388496266666667 0.0575424 0.19724636666666648
0.11790877777777696 0.12442861538461548 0.023767856 0.183805033846154
0.15027208685714283 0.1662671625000003 0.041882666666666644 0.22534167999999954
0.15541558095238062 0.19756516610169528 0.11138037647058831 0.15125988965517265
0.13352587209302313 0.15241080000000023 0.03582688799999998 0.1927387375000002
0.1231838167597762 0.1714000121212126 0.021744784313725493 0.1552986838709681
0.14192290232558122 0.16674834576271177 0.029730710204081606 0.2049340937500001
0.13699817653631205 0.14683426229508253 0.030418439215686245 0.2091707940298514
0.13960932790697608 0.18100960000000083 0.050867584905660394 0.17746483809523828
0.14422279310344865 0.16890968666666706 0.07100809411764707 0.17998050793650822
0.12745900476190425 0.15783166315789512 0.03412846666666665 0.1710879619047621
0.11215089772727223 0.11580099310344831 0.030418439215686245 0.17120537313432865
0.1783351270588238 0.20783997288135625 0.14982451063829808 0.17207283125
0.14267597045454442 0.15033244516129043 0.02966079999999999 0.22355186249999967
0.11772413964496986 0.1593453894736844 0.05050953962264151 0.13789299661016977
0.11976773854748549 0.13867034999999991 0.028182346153846165 0.17615937777777815
0.13588935454545398 0.18086050624999994 0.02234645283018868 0.18910325423728822
0.12156303905325376 0.17503307407407412 0.022285026415094333 0.1598590516129035
0.09854383953488334 0.12449155932203401 0.05410937454545456 0.11428487586206917
0.1430447555555543 0.20943346666666646 0.030592326530612238 0.16767130967742
0.149107071111111 0.15969412727272736 0.045799544000000005 0.21889817499999925
0.1306206643274856 0.1618484000000007 0.046330523076923084 0.1739754327272731
0.113354092134831 0.1498419873015876 0.050712996226415084 0.12982571612903251
0.12988913757225357 0.17252912000000012 0.031520644897959166 0.16522753125000034
0.1307544045977009 0.17500656666666722 0.04325859999999999 0.15762410000000052
0.11722621965317866 0.1540740187499999 0.023197796078431383 0.15924674482758647
0.1304647836257308 0.13517289491525472 0.0349775 0.19773995625000002
0.12925360689655124 0.16133910819672184 0.049660504 0.16135582222222286
0.14516260681818158 0.18265148387096763 0.027526021818181815 0.21542873898305084
0.11810703902438968 0.13737482105263177 0.04725051428571428 0.1590330068965519
0.11450088685714227 0.15717179354838767 0.04479399200000001 0.12783022857142884
0.1506792290909087 0.19159476551724144 0.07806112653061222 0.17111346896551743
0.14765413179190726 0.1618908689655174 0.03572499591836732 0.21824196363636322
0.15310240462427693 0.20711640000000012 0.048821155555555565 0.1718602857142858
0.12612225828571402 0.13446496250000003 0.023188207692307696 0.2077940813559318
0.1401220901734099 0.18761885624999997 0.04104579591836736 0.17037118000000084
0.1376598541176468 0.1844589650793656 0.041053583333333345 0.16628285423728867
0.13211977853107282 0.14211989677419354 0.051206160000000014 0.18482244923076915
0.11344648837209226 0.12312003934426233 0.038645919999999986 0.165084878688525
0.10424922485875647 0.15281247213114757 0.030035660377358483 0.11966130158730208
0.13396887231638419 0.1721754206896554 0.04746796363636364 0.17368090625000018
0.11000083636363575 0.12564403225806467 0.05356991666666668 0.14161549090909134
0.14980910227272634 0.18035871864406802 0.025386497959183674 0.21296028235294084
0.12505468735632158 0.18968711864406795 0.035355482352941156 0.13695071875000034
0.14060542303030305 0.16050408301886807 0.06315479999999998 0.1860554580645157
0.14231417752808906 0.13632279285714322 0.03964383999999997 0.23160352238806
0.12995350232558076 0.13447823272727286 0.03788687058823529 0.19732529090909065
0.14104439763313556 0.1732983017543861 0.029741921568627448 0.2039616721311475
0.11804972781065036 0.16102995000000006 0.030159524999999996 0.1438040350877196
0.12486024357541889 0.13458844000000028 0.02399408 0.20242191874999985
0.1491634933333328 0.18486825454545472 0.12080848979591846 0.13974764590163954
0.1426629458823522 0.14204815999999998 0.09332594074074076 0.18689264262295116
0.13245640473372722 0.18033220689655183 0.04498427755102038 0.15680056129032285
0.13868953181818167 0.1914074819672135 0.043214792307692325 0.16644971428571437
0.12713839999999973 0.14916966315789482 0.0779004 0.14367596250000034
0.15164387368420998 0.21928458666666661 0.08024179591836733 0.14261579354838752
0.12335816526946049 0.13217513103448295 0.05559387755102042 0.1701759333333339
0.12309803832335285 0.14243276428571433 0.05476195652173913 0.154801347692308
0.09869636097560947 0.12616166666666667 0.04939543529411765 0.11617467796610181
0.12950692485549092 0.15183108275862048 0.024589474509803918 0.19288175000000013
0.13581135367231642 0.1978875174603175 0.040781849056603765 0.15426652459016402
0.13235860118343146 0.15126768000000027 0.032846155102040794 0.19471802000000044
0.12667150602409577 0.14163759230769243 0.03660742641509433 0.19216592786885225
0.13324013255813835 0.16799143225806457 0.03596287500000001 0.17380025806451666
0.13779406588235243 0.17498948363636405 0.04470601538461537 0.18215645714285708
0.11553819540229851 0.10011389473684218 0.03491053333333333 0.19116237575757572
0.14530038527607278 0.18903136296296308 0.03835850666666663 0.18359588124999981
0.10577707586206864 0.1243461694915256 0.032414073469387746 0.14364390303030322
0.12472002117646985 0.13034468965517246 0.03309855199999998 0.19334651612903234
0.1180189585365846 0.13850021052631564 0.03724772244897957 0.16612860000000013
0.1465908818181812 0.17429291333333405 0.04592109999999998 0.19320893529411753
0.12178366628571413 0.14574817704918028 0.03697435636363634 0.1760663254237289
0.1394239345454539 0.142077335714286 0.06019440833333333 0.19933257049180325
0.11616718343195205 0.14858292258064537 0.040254847999999975 0.14749772631578983
0.13479252848484802 0.20911035636363645 0.05679214615384617 0.13425010344827615
0.12081433749999908 0.13377376842105254 0.05449834893617023 0.16328155000000047
0.11132749411764653 0.12819025762711872 0.03142605384615383 0.16488633898305108
0.12765538202247095 0.13169538983050852 0.031718923076923054 0.19855591044776075
0.11512983414634068 0.1183176918032787 0.06122744347826089 0.1552184421052634
0.20130128654970733 0.25284606896551687 0.1281531733333333 0.20574345882352915
0.1355547898734172 0.16928887719298266 0.04252573913043476 0.1784001236363639
0.12293382857142796 0.13064913220338994 0.03760392156862744 0.18288186461538428
0.17826346666666654 0.2085338758620692 0.1136525230769231 0.2074286545454546
0.14450082988505616 0.18901968813559386 0.018867094339622647 0.2095326903225807
0.14801587058823443 0.21055997999999987 0.04468531914893617 0.16553792380952428
0.12342296190476156 0.11448793793103462 0.04970031200000001 0.19349569333333344
0.11807677225433451 0.14259811875000017 0.024071450000000005 0.16632085901639365
0.15598149239766046 0.15579161311475473 0.04489775000000001 0.2421686258064516
0.13197029885057399 0.14504940350877196 0.07576590188679241 0.16686598750000034
0.11086239080459719 0.13008252631578965 0.03160233076923076 0.15741585846153883
0.13439026024096318 0.192387855172414 0.03883615199999999 0.15876689655172474
0.12438082352941132 0.15712475087719355 0.034883761538461525 0.1700766163934429
0.11947846092715185 0.18339236923076968 0.037837399999999966 0.12762875471698132
0.11376306024096368 0.16345029032258093 0.05727585833333336 0.10716980000000001
0.12719066117647007 0.12861764666666678 0.0338728 0.19544971428571403
0.13600660975609724 0.13226964285714296 0.052666636734693885 0.20876811525423702
0.17100895180722814 0.17548338909090946 0.12618651764705896 0.20500645333333317
0.10108650061349636 0.13057356296296294 0.048775947826086956 0.11400688253968262
0.17276611974522205 0.22646475714285705 0.062433829787234024 0.21310860000000056
0.14416854969325185 0.1819185627118645 0.09792081600000001 0.1457451407407409
0.13805421707317 0.1626288733333337 0.047296853333333305 0.18228475932203442
0.13247527160493777 0.12483335862068963 0.05537045217391306 0.2012692827586206
0.12849329580838273 0.15154669655172423 0.04339444081632652 0.17570574000000083
0.12662324393063545 0.1592796983606558 0.03338952156862743 0.17191629508196757
0.14936971190476123 0.14728442758620736 0.06066756444444447 0.21263960615384583
0.14012835172413757 0.1516632380952386 0.03178878399999998 0.2170181967213111
0.12989627294117584 0.15504061016949153 0.03148125384615382 0.1914905966101695
0.1436055929824546 0.16947442909090943 0.07436158571428572 0.18452023333333437
0.1515988679245278 0.2319304285714286 0.0703593511111111 0.13706802068965565
0.16492641860465057 0.18513475862068982 0.06166241739130438 0.2175449529411767
0.124125370491803 0.1536524451612907 0.0504058109090909 0.15782078181818215
0.1467674399999992 0.19285713846153862 0.08486388461538458 0.16024810491803357
0.19607262822085866 0.2395257655172417 0.12908139534883722 0.20188458064516093
0.13386132747252694 0.1918085 0.020479999999999995 0.1764538322580647
0.11448606590909034 0.1069707285714286 0.02029811636363636 0.2006583138461534
0.1289166833333326 0.14411181639344275 0.048032660869565216 0.17471605901639403
0.12479781754385909 0.1682912571428574 0.03649823999999999 0.16514522000000054
0.13541741028571355 0.15225896551724152 0.049314219607843116 0.1871515393939393
0.16045562823529322 0.19800203278688527 0.04520999999999998 0.21930225084745833
0.11644599999999944 0.11560506000000013 0.03035353207547168 0.1874207261538464
0.1454192180790957 0.15685418305084783 0.026926690909090892 0.23815613968253985
0.15626674878048719 0.17678721379310394 0.1101938723404255 0.17279621016949187
0.13119668705882306 0.14291254603174616 0.03901085106382978 0.19110727333333297
0.12607503910614498 0.1427737696969703 0.02321773584905661 0.19856372000000003
0.13069588363636295 0.14776882711864417 0.045853021276595754 0.1812096271186442
0.1740798898203589 0.20962425806451598 0.11270595000000003 0.18710091228070208
0.1260868023391809 0.14254948275862106 0.027378423076923064 0.1945786098360659
0.11952730797545938 0.12436523934426216 0.07713229 0.1421190322580649
0.17930483976608122 0.17237716065573805 0.10527144489795899 0.2457019672131144
0.12225524418604596 0.1697449263157896 0.024582682352941178 0.15779256875000056
0.12850926117647007 0.16474964827586247 0.0359326222222222 0.15931532537313448
0.1646185678160925 0.20533297241379356 0.09922231999999984 0.17838185454545455
0.16603995321637596 0.22259856551724208 0.13112526923076936 0.14202624918032788
0.1366225932584263 0.16845897419354852 0.04021546415094338 0.1863959619047619
0.13750892919254606 0.18313553571428595 0.06788480000000002 0.15131363508771994
0.15815972808988735 0.20992837288135602 0.0372764156862745 0.20390529999999993
0.11368495581395281 0.11616200000000007 0.02648449411764705 0.18305718064516166
0.12253272093023217 0.12445331111111127 0.03962462068965516 0.200948686666667
0.13520964497041388 0.1698463345454549 0.03352796981132075 0.19232621639344252
0.12686642105263116 0.19266435789473793 0.027897096296296307 0.15343077333333394
0.1377743672514615 0.14257124067796645 0.03365608163265306 0.21426294603174595
0.10624941707317034 0.10225085818181814 0.04746916666666667 0.15610798688524619
0.12997179880239465 0.14277459661016997 0.02807817872340426 0.1960969639344259
0.14440144941176403 0.20616143157894776 0.02554211764705882 0.18539349677419362
0.11795598478260862 0.13215570746268687 0.020970281481481483 0.18598529523809537
0.13487955688622694 0.16331383728813556 0.0410888 0.18680913103448327
0.12410698888888859 0.17230953650793704 0.027927923076923072 0.15433084923076948
0.15587744390243863 0.1869641225806452 0.0358908636363636 0.21367115862068928
0.17156477750000046 0.185941335714286 0.06875782608695653 0.2392205103448275
0.14839268799999947 0.1730756825396827 0.03662957446808509 0.20528249846153826
0.1494778168674693 0.16024448461538507 0.05729038333333334 0.20804039393939341
0.17044047954545435 0.18853035862068998 0.10099055384615388 0.20926143636363584
0.11125237318435724 0.17290093538461573 0.022474762264150946 0.12269592786885275
0.10777149772727235 0.12940533750000013 0.04576392653061224 0.13402237460317482
0.13818555144508646 0.15049443333333395 0.047684000000000004 0.20581970666666644
0.13096852307692275 0.13108435087719325 0.05540167843137256 0.1940391278688523
0.1173403473053887 0.13540875789473725 0.054101692307692316 0.15628018620689701
0.14542522528735546 0.17626071578947444 0.04362275384615383 0.19982684923076938
0.11613633371428547 0.1734441600000005 0.02604714285714286 0.1433655728813561
0.11963546982248457 0.17643188474576282 0.03012056799999999 0.13838141333333373
0.13297029999999938 0.14591056842105282 0.08507015 0.15775779047619115
0.1333019411042941 0.15856358571428603 0.05211380444444441 0.1694118451612906
0.10608712228571379 0.16451080655737718 0.024641554716981134 0.11842761967213125
0.13587976404494337 0.19028248253968238 0.025813614814814798 0.17712895737704912
0.15546396686390537 0.19106578620689663 0.11946155102040827 0.15061256129032286
0.15139103255813938 0.16137844285714334 0.03950846153846154 0.23355663749999933
0.12398354634146294 0.14551198620689676 0.07011960888888887 0.1432495737704921
0.11861997215189848 0.16786550769230774 0.05588447199999996 0.12890581428571452
0.14472644499999973 0.15570766315789492 0.08625919999999998 0.174721442622951
0.13815741317365238 0.167053903448276 0.023012517647058816 0.2105090206896551
0.11227856097560938 0.10714719298245598 0.03955995294117646 0.18372743571428596
0.11911549152542306 0.11644066896551732 0.038574581818181804 0.19075439374999997
0.12946404941176393 0.1483950344827588 0.03491814399999998 0.18800111612903242
0.16510009885057397 0.19104052666666663 0.05071571428571429 0.2273833169230762
0.10759621005586535 0.1307194000000001 0.03320684799999999 0.1417130805970152
0.144235436956521 0.17834250000000001 0.025362666666666662 0.2084214606060602
0.13276571360946698 0.15673929523809566 0.043123400000000006 0.18583321428571473
0.18341368143712514 0.19484349090909084 0.11661416000000008 0.2271449161290316
0.13659645586592128 0.17579205625000013 0.025327501886792447 0.19125349032258046
0.13652603113772355 0.13903798571428586 0.03720514285714284 0.2127527096774192
0.14046622727272778 0.146244070967742 0.09044298039215685 0.17527510476190458
0.13697047771428517 0.11984729491525434 0.04294901960784313 0.2262837415384612
0.11002926557377002 0.12267386268656717 0.02720665263157892 0.17568521355932212
0.13430799080459763 0.18682658461538434 0.020785959183673472 0.17012250666666695
0.12421869822485171 0.16107703492063546 0.04931442857142858 0.13709220000000027
0.15618069132947912 0.15402736666666703 0.057940408163265344 0.2334146500000002
0.1090673810055864 0.1514345533333337 0.026262444444444435 0.1387510153846156
0.0983291060240962 0.12734712280701754 0.06083366400000001 0.10207054915254256
0.15673995952380904 0.17321904313725495 0.1270363153846155 0.16757313230769247
0.12392162366863872 0.13609425964912306 0.027233538461538448 0.19615395999999993
0.1556306345679004 0.17009513454545483 0.11411832307692317 0.18041413818181887
0.1472622341463409 0.14284037192982463 0.08822433913043479 0.19591451803278687
0.15186910063694206 0.1988136846153849 0.06823534117647058 0.1856506444444451
0.1487807853658532 0.1805235147540987 0.044193377777777765 0.19654159310344868
0.1356651181818173 0.15630759333333366 0.08177693846153847 0.16009694375000053
0.13541172790697598 0.1409054933333336 0.04310184000000001 0.2045386387096773
0.17818656094674554 0.22967984918032727 0.1229979591836735 0.17078233898305123
0.15890015862068943 0.18178623728813578 0.07435095000000004 0.19931931343283563
0.1525062689655174 0.17625872727272754 0.026859428571428565 0.23028648813559316
0.14061475675675625 0.18604668656716408 0.03030261132075471 0.18373174769230732
0.1063474311111104 0.12966013559322026 0.022693586206896557 0.16152954920634977
0.14291021485714242 0.15639248253968255 0.042102222222222194 0.19793971940298477
0.14529660598802288 0.19603188571428595 0.07861674893617024 0.14987125625000078
0.11143002471910084 0.15658812903225836 0.02653562857142856 0.14400142000000032
0.1434202382513656 0.18088810461538454 0.025028090566037733 0.20248750769230767
0.18030676626505993 0.21534314098360635 0.13049931666666678 0.18475481403508806
0.10768921573033632 0.12920956307692302 0.025497850980392152 0.15273658709677448
0.12760907356321816 0.17561187301587342 0.03976622978723404 0.1448659062500004
0.09808694418604613 0.10344808125000002 0.032567030769230766 0.15279985000000032
0.17067283170731704 0.21494854915254233 0.12977904347826102 0.15828040677966107
0.1381757302857136 0.1482023254237289 0.058196450909090904 0.20059034098360676
0.13002318333333296 0.1710178807017547 0.03163982745098038 0.17470407333333351
0.13451075172413762 0.18086228125 0.02907398367346936 0.17057474754098387
0.11489499631901774 0.1387597000000001 0.032880505660377334 0.16844333103448333
0.12171679999999936 0.13979877058823548 0.044800272 0.16324461587301664
0.13629253734939686 0.17521025762711898 0.03429820425531916 0.17791900666666702
0.11827985696969663 0.1344425461538464 0.03486942857142854 0.16900878125000027
0.10958983684210478 0.13875425000000002 0.038677733333333325 0.13449911851851862
0.13096823764705814 0.16970321935483926 0.029985143999999984 0.17661626896551783
0.11237966666666618 0.16445259649122856 0.03174906122448978 0.1299286428571431
0.1083741435294114 0.10429600000000008 0.03018284444444443 0.1825525800000005
0.1344210605714281 0.19428572903225824 0.053669143999999995 0.1395954476190478
0.10787818011695857 0.13850697627118685 0.031728691666666656 0.1367543750000001
0.1153765928571425 0.12585247017543874 0.03348782745098036 0.17502996000000012
0.13314601916167587 0.15374364137931051 0.06295589166666667 0.16879297049180358
0.11993618742857083 0.15806036129032305 0.04395489411764707 0.14431275483871023
0.12833593253012024 0.13406960655737724 0.03741670638297869 0.19598161379310328
0.1434433197604786 0.16454764363636373 0.055309783999999966 0.19579717419354817
0.11795115029585777 0.18848027586206992 0.025830970370370347 0.13345642105263184
0.11834654502923915 0.14636486779661043 0.04321313207547171 0.15782094915254274
0.1320786170731704 0.16636684912280722 0.05841553636363637 0.15250316190476218
0.18949444878048752 0.19239699636363644 0.13358371538461553 0.2377000280701747
0.11247421796407125 0.11145422857142862 0.030242179591836726 0.17838533548387106
0.14083397619047597 0.15730105762711863 0.11286003076923079 0.14930919298245637
0.11090801893491067 0.1114891714285715 0.05643812 0.15362151746031802
0.11834943815028859 0.12177780327868867 0.02500908333333334 0.18508704374999987
0.1357575073170731 0.16331416296296308 0.0719930775510204 0.16258369836065625
0.153604004878049 0.18676336000000016 0.06740097391304348 0.1876691448275865
0.10454073294797654 0.16193174000000002 0.016663560784313733 0.12128710967741954
0.15090830232558158 0.16443945084745804 0.049935052173913044 0.2083177313432832
0.12971218536585322 0.1571055655172419 0.033757497872340406 0.17922157966101707
0.1275951638418077 0.17836870476190508 0.024589985714285695 0.17189786896551779
0.12660148181818143 0.17254341935483913 0.025357408333333338 0.15707595757575765
0.10395575999999962 0.14577418360655744 0.028415722448979563 0.1231313933333334
0.1079424878612713 0.1278455096774195 0.03158584000000001 0.1503006032786887
0.15312794588235312 0.19747549677419396 0.07979539130434789 0.16318841935483877
0.12759966590909086 0.18531672615384656 0.03324610196078429 0.14527338000000053
0.1894164651162785 0.20458377142857156 0.1462719500000002 0.20738069411764617
0.17731519999999967 0.2022773079365084 0.1347713509433963 0.18749745671641796
0.11857801104972385 0.17143113650793668 0.026695999999999987 0.1478626193548391
0.159446428915662 0.16603207868852485 0.04129822978723402 0.24826092413793124
0.12426089836065546 0.14307145806451665 0.02851999999999999 0.179511217391304
0.16642148571428605 0.1794671438596497 0.044184539130434776 0.2505472965517238
0.10952700115606889 0.1309124322580646 0.0264414641509434 0.1625897034482765
0.11237000615384565 0.1262677696969698 0.024341384126984108 0.182499563636364
0.12252931460674145 0.1831878865671641 0.03655416923076921 0.1294205559322035
0.14618271314285688 0.1802408516129032 0.059509975510204115 0.1795477062500003
0.12164748192771045 0.13937709655172464 0.05089582608695653 0.15755487741935498
0.16835373555555527 0.2003059687500004 0.11869198400000007 0.17499229090909105
0.12035905084745736 0.14492466865671663 0.029988967999999987 0.16823584666666683
0.15443406627218897 0.18005143859649156 0.12953187169811325 0.1520548474576274
0.10030065202312115 0.10120200677966107 0.04305176470588236 0.14580086349206395
0.13334452857142823 0.18303757857142886 0.06887763846153847 0.1428356533333336
0.15285516257309947 0.1735235934426234 0.06641211063829787 0.19733213333333305
0.11548812397660778 0.1525052967741938 0.031378840816326505 0.14592629333333335
0.12932898292682893 0.1451254666666671 0.02505715833333333 0.2017800285714287
0.13297696914285626 0.13209340666666677 0.05283825306122449 0.19327713333333318
0.11676049411764648 0.1317123147540983 0.04620483200000002 0.1610947661016952
0.14945372163742623 0.16742348363636383 0.08054457600000006 0.18668281818181826
0.13339435813953396 0.1514212689655174 0.03411888979591835 0.19214723692307667
0.1155598305882348 0.14320432857142867 0.06758437499999999 0.1269951333333336
0.142714095135135 0.15478910000000023 0.02011423703703704 0.22999158805970132
0.12175125086705184 0.11430407868852481 0.034777872340425516 0.1916285784615383
0.13684655469613208 0.1430629066666667 0.052088474074074034 0.19959215522388093
0.1609064316384185 0.16977532459016387 0.11808124166666673 0.18318005882352928
0.11140951186440613 0.13608307333333347 0.06430191489361703 0.12189013142857161
