1 113.59972129411737 0.40517697163636696 0.4197479747368427 0.4749564000000005 0.33551097599999996 0.0 0.0 0.0 0.0
2 142.94147999999987 0.40197943854545776 0.4141060042105257 0.46937567999999885 0.3365422079999992 0 0 0 0
3 132.39580744186026 0.41162565818182156 0.42426704842105334 0.48235320000000054 0.3430343039999998 0 0 0 0
4 143.460981348837 0.4159250618181854 0.42853834105263294 0.4877472000000007 0.346484736 0 0 0 0
5 120.34814096385529 0.39067008000000236 0.41194448842105263 0.45850607999999987 0.3161905919999998 0 0 0 0
6 142.51958888888876 0.40462170763636474 0.4223951494736848 0.4716924000000004 0.3340803840000002 0 0 0 0
7 109.47097635095125 0.4065545541818222 0.42447824842105314 0.48657096000000005 0.32551391999999935 0 0 0 0
8 124.22453210031341 0.3914100829090927 0.4029892042105265 0.4639317600000004 0.3223925759999997 0 0 0 0
9 140.72582253658516 0.4030399767272764 0.4150546863157884 0.4696351199999985 0.3383498879999992 0 0 0 0
10 126.42012227586191 0.39543321600000225 0.39802064842105284 0.4516346399999993 0.3480140159999991 0 0 0 0
11 116.15651915923563 0.3985494109090936 0.41904545684210454 0.47269247999999914 0.31976371199999976 0 0 0 0
12 146.13706631578927 0.40153560436363905 0.4144572631578953 0.4744406400000008 0.3309360000000001 0 0 0 0
13 116.38391999999986 0.39036455563636363 0.4023424673684205 0.4550534399999993 0.3272344319999998 0 0 0 0
14 115.01672231578925 0.4065466647272778 0.41953131789473813 0.4791880800000009 0.33609811200000017 0 0 0 0
15 114.20769020809237 0.39508817454545847 0.40988523789473646 0.46669607999999946 0.32374463999999964 0 0 0 0
16 116.93113331791908 0.39361745454545816 0.40778354526315674 0.45883751999999844 0.32798361599999926 0 0 0 0
17 119.47443638709659 0.4029182836363659 0.428506812631579 0.4730748000000006 0.3224839679999995 0 0 0 0
18 104.30476427586194 0.4148419723636403 0.42529596631579075 0.48838800000000127 0.3460738560000002 0 0 0 0
19 119.39066027586189 0.3956701090909136 0.40629746526315935 0.4653820800000008 0.3298045440000001 0 0 0 0
20 108.04195457142846 0.397288983272729 0.4165664336842108 0.47250264000000014 0.3188044800000001 0 0 0 0
21 101.75112827586194 0.38742444218181904 0.40349325473684305 0.4555185600000003 0.31768377600000003 0 0 0 0
22 110.48209220809234 0.3970717090909118 0.409192623157895 0.47390328 0.324091583999999 0 0 0 0
23 108.93574427586191 0.4108361541818235 0.4184064000000012 0.48154704000000076 0.347075712 0 0 0 0
24 109.03551227586192 0.4009644916363686 0.4120621136842111 0.4728444000000003 0.33291782400000003 0 0 0 0
25 150.52508627586187 0.4087700945454584 0.4231490021052634 0.4774675200000003 0.34015219199999963 0 0 0 0
26 107.49908027586194 0.38367555490909194 0.3985556210526314 0.4502666399999991 0.31626662399999905 0 0 0 0
27 113.50255882758606 0.4048994443636407 0.417451654736842 0.4781330399999999 0.33438796799999976 0 0 0 0
28 121.48632227586185 0.40665320727273013 0.4202801178947369 0.48515808000000016 0.33090374400000006 0 0 0 0
29 115.82959151020397 0.41255186618182216 0.4370340378947369 0.4840303199999997 0.3321110399999998 0 0 0 0
30 118.33951604819265 0.4099501614545486 0.427696168421054 0.4814320800000009 0.3359059199999995 0 0 0 0
31 96.31863082758609 0.3717855883636371 0.38304747789473625 0.43526975999999906 0.31029945599999975 0 0 0 0
32 107.31785482758609 0.3942436538181852 0.40572934736842287 0.46235112000000134 0.3288462720000003 0 0 0 0
33 110.6916502758619 0.40099870254545633 0.4134984757894734 0.47303759999999967 0.3314928 0 0 0 0
34 111.94202027586192 0.3924114850909119 0.4061171873684208 0.46651776 0.3201060479999995 0 0 0 0
35 106.22913544186036 0.39631048145454595 0.4138157810526323 0.46298544000000097 0.3263404800000006 0 0 0 0
36 118.39441882758605 0.3924727156363662 0.40072178526315827 0.4634647200000003 0.3278424959999995 0 0 0 0
37 128.5446122080923 0.40860476509091154 0.4214284800000013 0.48381120000000133 0.3362570880000008 0 0 0 0
38 104.15816482758616 0.39777687272727436 0.4083844042105266 0.4644019200000004 0.3343996799999994 0 0 0 0
39 99.34582199999996 0.39315658472727477 0.40709800421052683 0.47000112000000016 0.31843660799999973 0 0 0 0
40 105.23087482758608 0.3920546443636383 0.40136346947368434 0.46068360000000014 0.32830809599999966 0 0 0 0
41 114.37980281012642 0.38833836218182205 0.4013218357894744 0.44944752000000016 0.3271167359999996 0 0 0 0
42 129.25475482758588 0.3857935592727289 0.40126565052631635 0.45600000000000096 0.3149299199999998 0 0 0 0
43 112.12538027586189 0.4109779549090925 0.42750699789473673 0.48772991999999976 0.3338737920000006 0 0 0 0
44 114.14899820809235 0.3847383970909118 0.39908473263158056 0.45591216000000173 0.3141703680000005 0 0 0 0
45 122.13096020809223 0.4131786240000032 0.4207684042105276 0.4861046400000009 0.34762752000000074 0 0 0 0
46 108.81775882758608 0.3955482065454565 0.40925507368421055 0.46870440000000035 0.3240017279999994 0 0 0 0
47 118.47401420809233 0.39428903563636614 0.4096136084210526 0.46601303999999977 0.3223514879999998 0 0 0 0
48 100.53711131791894 0.411747351272732 0.42048707368421284 0.48362904000000184 0.3459392640000006 0 0 0 0
49 135.16869731791883 0.4184692363636421 0.4343260294736841 0.49924175999999976 0.3387872639999998 0 0 0 0
50 115.14525827586195 0.4030091170909122 0.4197538357894748 0.47410512000000116 0.33022483199999997 0 0 0 0
51 115.92987020809235 0.40557647127273005 0.42309443368420985 0.4809472799999992 0.32863775999999895 0 0 0 0
52 131.19561620809228 0.4016910196363676 0.41803836631579155 0.47642736000000174 0.32637196799999985 0 0 0 0
53 317.3035042758614 0.22839328581818258 0.14437207578947356 0.16338335999999992 0.36022137599999854 0 0 0 0
54 479.2089599999956 0.17425780363636204 0.1866644210526315 0.039398400000000014 0.2703590400000004 0 0 0 0
55 479.2089599999956 0.17425780363636204 0.1866644210526315 0.039398400000000014 0.2703590400000004 0 0 0 0
56 479.2089599999956 0.17425780363636204 0.1866644210526315 0.039398400000000014 0.2703590400000004 0 0 0 0
57 479.2089599999956 0.17425780363636204 0.1866644210526315 0.039398400000000014 0.2703590400000004 0 0 0 0
58 479.2089599999956 0.17425780363636204 0.1866644210526315 0.039398400000000014 0.2703590400000004 0 0 0 0
59 479.2089599999956 0.17425780363636204 0.1866644210526315 0.039398400000000014 0.2703590400000004 0 0 0 0
60 479.2089599999956 0.17425780363636204 0.1866644210526315 0.039398400000000014 0.2703590400000004 0 0 0 0
61 479.2089599999956 0.17425780363636204 0.1866644210526315 0.039398400000000014 0.2703590400000004 0 0 0 0
62 479.2089599999956 0.17425780363636204 0.1866644210526315 0.039398400000000014 0.2703590400000004 0 0 0 0
63 479.2089599999956 0.17425780363636204 0.1866644210526315 0.039398400000000014 0.2703590400000004 0 0 0 0
64 479.2089599999956 0.17425780363636204 0.1866644210526315 0.039398400000000014 0.2703590400000004 0 0 0 0
65 479.2089599999956 0.17425780363636204 0.1866644210526315 0.039398400000000014 0.2703590400000004 0 0 0 0
66 479.2089599999956 0.17425780363636204 0.1866644210526315 0.039398400000000014 0.2703590400000004 0 0 0 0
67 479.2089599999956 0.17425780363636204 0.1866644210526315 0.039398400000000014 0.2703590400000004 0 0 0 0
68 479.2089599999956 0.17425780363636204 0.1866644210526315 0.039398400000000014 0.2703590400000004 0 0 0 0
69 479.2089599999956 0.17425780363636204 0.1866644210526315 0.039398400000000014 0.2703590400000004 0 0 0 0
70 479.2089599999956 0.17425780363636204 0.1866644210526315 0.039398400000000014 0.2703590400000004 0 0 0 0
71 479.2089599999956 0.17425780363636204 0.1866644210526315 0.039398400000000014 0.2703590400000004 0 0 0 0
