1 114.95511779709227 0.22982351515151647 0.25159171929824586 0.27845583333333324 0.1702378666666664 0.0 0.0 0.0 0.0
2 110.2565876913875 0.2016748606060624 0.22252449122806978 0.24512833333333287 0.14710493333333313 0 0 0 0
3 107.27943773425535 0.21542652121212227 0.24419663157894803 0.26480183333333346 0.14859466666666638 0 0 0 0
4 85.79654346046296 0.12895112727272745 0.14903957894736836 0.15634516666666662 0.08795186666666666 0 0 0 0
5 89.72909717885379 0.2239787636363656 0.24188196491228067 0.2739423333333329 0.16699986666666627 0 0 0 0
6 136.15689835240266 0.2932318545454576 0.3111677192982471 0.3499620000000016 0.23080866666666652 0 0 0 0
7 99.19654756406828 0.2107088000000007 0.23373670175438582 0.2598173333333331 0.14954546666666635 0 0 0 0
8 125.43357301695981 0.24480480000000068 0.2593774035087724 0.291803666666667 0.19336173333333329 0 0 0 0
9 104.31987596711254 0.21210569696969842 0.23310442105263215 0.25954166666666695 0.15420813333333305 0 0 0 0
10 115.29602349050121 0.25669953939394 0.27947157894736896 0.31477933333333363 0.18860226666666657 0 0 0 0
11 82.27892019422325 0.16800974545454633 0.1864712982456139 0.20851266666666649 0.1180689333333331 0 0 0 0
12 142.43674782608684 0.38483466666665933 0.4027416140350916 0.4585120000000039 0.3088812000000018 0 0 0 0
13 115.1562761594203 0.2687842909090916 0.28610273684210574 0.3236138333333336 0.20846813333333294 0 0 0 0
14 66.37672281905566 0.15398521212121305 0.1730429473684209 0.18804133333333306 0.10863546666666646 0 0 0 0
15 132.52084827587333 0.32364232727272313 0.33980743859649387 0.3825230000000025 0.2611809333333344 0 0 0 0
16 100.21244370019627 0.20860111515151625 0.22763901754385982 0.2598458333333334 0.14951933333333312 0 0 0 0
17 93.4730074388802 0.17363151515151504 0.19266638596491245 0.21686566666666635 0.12096106666666664 0 0 0 0
18 110.0719301785713 0.25187587878788026 0.27396182456140383 0.3056388333333337 0.1878838666666664 0 0 0 0
19 153.35147792385956 0.32629808484848444 0.3445995789473704 0.39410633333333567 0.2546650666666674 0 0 0 0
20 123.1324860153959 0.28620829090909194 0.33000589473684233 0.3327036666666663 0.2074042666666666 0 0 0 0
21 115.44898327830178 0.3010971636363614 0.32136308771930017 0.3560770000000018 0.23786066666666722 0 0 0 0
22 85.4264988759137 0.18491364848484912 0.2088905263157895 0.22591266666666626 0.12933639999999985 0 0 0 0
23 90.1114365593158 0.20810632727272865 0.2229541052631585 0.25028416666666703 0.16025866666666647 0 0 0 0
24 90.03836147396383 0.19824615757575947 0.21809445614035144 0.23842250000000006 0.14724919999999966 0 0 0 0
25 70.48357458860926 0.16822482424242474 0.18811705263157866 0.21172949999999952 0.11452346666666646 0 0 0 0
26 105.99145097025618 0.2772159030303055 0.2939121403508778 0.3348386666666674 0.21525626666666653 0 0 0 0
27 75.03864391891892 0.1774836363636381 0.19908477192982432 0.21744849999999938 0.12499066666666636 0 0 0 0
28 113.59499061946899 0.21064853333333494 0.23075536842105226 0.2565481666666663 0.15482733333333315 0 0 0 0
29 118.02612219679628 0.2593160242424261 0.27298428070175507 0.3115451666666677 0.20454786666666663 0 0 0 0
30 113.45629608691273 0.2618113939393949 0.28171536842105344 0.3207005000000009 0.19579133333333354 0 0 0 0
31 111.76644437290956 0.24747592727273027 0.264350315789475 0.29977316666666787 0.18960746666666678 0 0 0 0
32 129.51801676620332 0.3030888242424212 0.32258287719298434 0.3631096666666682 0.2365528000000008 0 0 0 0
33 160.35608124999982 0.36759044848484274 0.39297178947368655 0.43533550000000226 0.2892821333333343 0 0 0 0
34 130.34495553350342 0.23626448484848817 0.251222456140352 0.2855088333333347 0.1826589333333331 0 0 0 0
35 754.4534500000091 0.5537237333333012 0.6557765614035201 0.5982126666666797 0.4211824000000082 0 0 0 0
36 933.5701500000235 0.5343138909090548 0.6005341754386113 0.5995348333333466 0.4192278666666748 0 0 0 0
37 723.4504812500006 0.6562461575757216 0.6544056140351056 0.5898875000000126 0.7110816000000074 0 0 0 0
38 252.88034053030302 0.06260741818181816 0.16878877192982455 0.011738333333333335 0.0024304 0 0 0 0
39 1120.0414562500014 0.6578229333333003 0.6411939649122955 0.5725303333333436 0.7418545333333411 0 0 0 0
40 402.8859250000028 0.5168830545454259 0.6106555789473828 0.5304158333333424 0.4169729333333403 0 0 0 0
41 439.54866250000634 0.5513108363636001 0.6535132631579115 0.5899363333333456 0.42331813333334123 0 0 0 0
42 137.38098365174628 0.499024436363606 0.5045330526315901 0.5916308333333462 0.41970613333334117 0 0 0 0
43 107.02001249999981 0.5302193454545112 0.5923216842105409 0.5910235000000128 0.42257880000000825 0 0 0 0
