1 69.84651714000005 0.17243467353293424 0.18417062714285684 0.2156537566666665 0.12907388952380944 9.480094649777106 2.975753366830009 3.756171257214577 2.7481700257325206
2 97.50132712963861 0.2344096050285714 0.24410094476190486 0.2681682682352942 0.19617606032786916 13.749677455965603 3.6700634046237743 5.322967238005775 4.756646813336052
3 67.08165442666672 0.1557216435955069 0.1510228215873014 0.17066126615384597 0.14808934857142847 10.164945747336786 3.2558353112395575 3.7742942522296805 3.134816183867551
4 40.463895227221904 0.1382879943195268 0.12538239322033867 0.14360885565217388 0.14636097624999955 10.601107411447696 2.8088818855515023 3.355204837041081 4.437020688855114
5 62.09665291999999 0.14637030086956546 0.16130565818181802 0.1677750973584906 0.11375202707692293 11.133445652887707 3.0706428703919957 4.191673550941536 3.871129231554173
6 85.30437899333326 0.23329368238095266 0.23427362526315804 0.29104925584905683 0.1795539903448274 11.762240731754119 3.015563368988339 4.465439558871722 4.281237803894055
7 54.507909095627376 0.10752105733333352 0.16291861587301545 0.09849260218181805 0.05923910322580634 10.45872068719042 4.816990192925676 3.099843929317956 2.5418865649467834
8 74.98227180000009 0.19832540000000065 0.20817533199999996 0.19614374638297827 0.19031788852459036 13.405537286958017 3.3668468817771995 4.087615597030397 5.951074808150416
9 69.1763677000001 0.16230726508474633 0.14325760533333298 0.15767601439999934 0.1828228191044775 10.678607310072314 2.5082637125138936 3.554080462479614 4.616263135078809
10 66.20135183185407 0.16394674298850603 0.19285708874999982 0.1739339608163269 0.12559205770491777 9.960183578163553 3.571639983323751 3.7698799128701075 2.618663681969694
11 56.95565593999997 0.1366978431460672 0.12764298322580608 0.12723279199999982 0.1523744169696966 6.471596508221842 2.3831390641512673 2.5440770801212476 1.544380363949326
12 38.55142730262273 0.11390868519774068 0.13753083870967706 0.13391421803921535 0.07508281500000007 7.609606892655186 2.8473267514323988 3.128528947251182 1.6337511939716025
13 51.70983917475347 0.15400209608938606 0.16359951225806404 0.1446870701886793 0.15241860499999982 9.890671221584467 3.6111314753448127 3.5024203724963434 2.777119373743314
14 33.39675353999999 0.0764026741573034 0.09257198533333305 0.08246293672727247 0.055712624761904694 6.0727439055581796 2.1158418001872428 1.849277991150657 2.1076241142202785
15 26.139338771797078 0.07061097832402224 0.09489345290322547 0.06983494153846162 0.04807006276923073 6.9041001788252805 3.0787657632878256 2.718026166504295 1.1073082490331596
16 32.21296268000001 0.09745004022099438 0.08054718399999992 0.09285192296296285 0.1162928716417908 4.226507374834536 1.214017103975529 1.9916815301499315 1.0208087407090751
17 99.25472411999995 0.2278970761581917 0.21332356551724177 0.2312982461538465 0.2378732370149261 14.323890349882426 3.363162744045199 5.092107200214125 5.868620405623099
18 42.15430683574996 0.1177383085714289 0.15035162461538457 0.1129935514285715 0.09047126235294124 9.666272677381524 4.358893990512974 3.4651325261355 1.8422461607330514
19 45.32490387103751 0.11960501405405446 0.1594011357575752 0.12377419692307698 0.07716708059701505 11.61368876540937 4.488476364833425 3.5862338487004717 3.538978551875469
20 33.29457381454012 0.09669145284974119 0.1315130882352944 0.09512438206896572 0.06270666029850758 9.447479750568654 3.953411129164202 3.371713381504506 2.122355239899947
21 38.53033336721133 0.10977925967567617 0.12236910476190489 0.10619592857142852 0.10080208242424207 7.05803683686538 3.5401355994561046 2.930185910537744 0.5877153268715315
22 46.10216278000003 0.1291844101657458 0.13458781587301613 0.1515150738461534 0.10643275757575733 10.613088085146176 2.5062867502297417 4.432808682346632 3.673992652569801
23 38.50197973999999 0.12014583227272774 0.12353014399999987 0.15966578923076924 0.08486307499999995 6.904570034840137 1.9243644623859588 3.4553023853098157 1.5249031871443601
24 49.68903862773525 0.12369951913043557 0.15503253749999962 0.1409096300000001 0.07730765374999994 8.918341039308617 3.2859245921869564 3.334392795632659 2.2980236514889976
25 82.2164023973331 0.18959548091954007 0.22869813419354892 0.2004660685714283 0.14265860317460324 9.948727361779449 3.053296089995423 3.301078033955302 3.5943532378287255
26 63.28183679999996 0.14743708729281707 0.1567536039999999 0.1470356666666668 0.13941747104477606 9.293574209128554 3.4696326756154914 3.9785751265407296 1.8453664069723361
27 80.89718796057053 0.20984773171270696 0.20755451225806482 0.24112768615384636 0.18769283582089535 12.729171116586773 5.217237162958426 4.452216708255884 3.0597172453724593
28 76.99347427351358 0.21897591500000166 0.24308646426229508 0.21941250867924497 0.19488102838709617 14.185937988047748 4.698628131191007 4.831371070082947 4.655938786773791
29 60.20516783999998 0.1637783323404247 0.14378369874999997 0.15378970428571406 0.19082274000000005 10.18833693840228 2.846799641242409 4.106646901932707 3.2348903952271675
30 54.63008604000002 0.13700242201058146 0.1281008567741932 0.12354314285714298 0.15539138929577428 8.28512004991314 1.9823790909338332 3.1468694639743715 3.155871495004938
31 49.26428169692993 0.14034499708333287 0.12972354461538468 0.13418939929824533 0.15522018971428536 10.293867057440142 3.0395824613337834 3.749638690283553 3.5046459058228048
32 66.15137140000003 0.3042452229787213 0.2839007733333372 0.37467541735849325 0.2696065762318861 12.549856956409347 2.698629470123599 4.293615606810247 5.557611879475502
33 68.68796612000001 0.4138670901098813 0.4005446825806492 0.4529239022222242 0.39442650545454666 19.703165251142654 5.56431088311897 6.164462001078456 7.974392366945222
34 167.87171521442843 0.5097284769081902 0.5296899858823438 0.5161778322580596 0.4869071438960988 28.378422005417992 11.30860234148904 7.455924940450817 9.613894723478131
35 149.20197309553208 0.5434426584037293 0.5756996597182986 0.5211164903225729 0.5321173499999869 26.974248921986824 10.320522511866232 6.959165810252604 9.694560599867978
36 168.2266900823298 0.5358309853210728 0.5407583837837714 0.5401855124999905 0.5277895199999878 27.560800407542807 10.290263204560757 7.585832818064057 9.68470438491799
37 415.0190629416792 0.5553480405529669 0.597751765333317 0.5391472499999906 0.5278681846153743 29.488902918948703 12.249605531273218 7.534066826379349 9.705230561296148
38 417.3578004751789 0.5469153504586868 0.5634106986666515 0.5397920999999904 0.5370259443037839 27.9499264942765 10.685124149923091 7.551522810795033 9.71327953355838
39 178.69877100000025 0.5644931563636124 0.5968039263157722 0.5399546624999906 0.5534287199999935 29.382278783313698 12.012803205133087 7.560224337398283 9.809251240782338
40 148.3430496226689 0.5134373541284144 0.5254534810810689 0.5387816249999906 0.48204701999999316 25.804687492605602 8.650304943783329 7.513499331434408 9.64088321738788
41 254.71217538568067 0.562654645090893 0.5163634673684088 0.5388092999999905 0.6257075400000032 25.434783739802615 8.037354674775733 7.552167944213758 9.845261120813126
42 260.2569755649096 0.555531879999981 0.5246393368420926 0.5396557499999906 0.5975806999999944 25.952265089806637 8.505999216827153 7.5442243677201954 9.902041505259286
43 411.9986384267135 0.5486110945454342 0.511521610526304 0.5388092999999905 0.5916875399999959 24.85445033071319 7.523260641278587 7.552167944213758 9.779021745220842
44 272.82671090185784 0.5415231743119049 0.5372825599999871 0.5385203999999905 0.5479817012658159 26.65034331650213 9.408509392871972 7.509929471417355 9.731904452212811
45 151.9824456000003 0.5306309672727008 0.5952728842105093 0.5368261499999907 0.4642649999999942 29.00241549777322 11.98456537765305 7.42773061981211 9.590119500308068
46 161.49913688808465 0.5089059406451365 0.5351378559999872 0.5347749987096692 0.4642649999999942 26.262390340121947 9.431071692899618 7.241199146914265 9.590119500308068
47 155.68244560000028 0.5324491490908823 0.6005360421052455 0.5368261499999907 0.4642649999999942 29.350585575537597 12.33273545541743 7.42773061981211 9.590119500308068
48 198.33790570554308 0.5316842752293324 0.5593769837837691 0.5376372749999906 0.5013061199999935 27.651263578272673 10.559509246488266 7.4486041823672755 9.643150149417158
49 126.80411762495683 0.5001463185184948 0.5123844053333215 0.5379344129032173 0.45887140253164105 23.85904579498319 7.852894095161286 7.439936392384979 8.566215307436917
50 133.15636341246343 0.5076874745454298 0.5199947210526192 0.5418592499999904 0.4686581699999938 25.422398243929038 8.155363724791435 7.67312743929916 9.59390707983845
51 151.52068678049176 0.5062549271889154 0.5321800216216089 0.5388113249999905 0.4555958582278432 25.12892531014539 9.089535488375954 7.508644872132469 8.530744949636965
52 301.96416332777926 0.5505259418181607 0.5135245578947247 0.5405725124999904 0.5936399999999936 25.290518033821545 7.873514499206816 7.593096197675228 9.8239073369395
53 417.8517633277811 0.553078669090889 0.5135245578947247 0.5405725124999904 0.6006599999999952 25.305829552693137 7.873514499206816 7.593096197675228 9.839218855811092
54 403.07856332778016 0.555231539726007 0.5135245578947247 0.5405725124999904 0.6072303797468301 25.305829552693137 7.873514499206816 7.593096197675228 9.839218855811092
55 309.8151531536853 0.5362970945454297 0.5711512421052477 0.5397920999999904 0.5003896499999941 28.001330570400775 10.770327988687649 7.551522810795033 9.679479770918093
56 288.45527082157906 0.5720328416438172 0.566616694736827 0.5339815161904675 0.607143599999998 27.698870889433095 10.548044018971758 7.226069501409949 9.92475736905139
57 106.68623906549698 0.5258902111415289 0.5193415705263036 0.5349742234920549 0.5249577599999925 25.27541720295887 8.266859499464784 7.300255896146365 9.70830180734772
58 101.3918005440898 0.5107355747944973 0.517200202105251 0.5339815161904675 0.4862879999999956 25.0163938543143 8.16493651181911 7.226069501409949 9.625387841085242
59 128.62321636788707 0.5211441163636117 0.521775378947356 0.5376372749999906 0.5073498899999938 25.41610121909404 8.295284964535096 7.4486041823672755 9.672212072191678
60 206.59655865435323 0.5335171266054813 0.5385559135135005 0.5397130124999905 0.5238995399999931 26.789779893372685 9.586887227787088 7.6021266430227765 9.600766022562825
61 156.49619040000022 0.5396604218181563 0.5952728842105093 0.5368261499999907 0.4890959999999955 29.031512805087935 11.98456537765305 7.42773061981211 9.619216807622786
62 343.2899211676737 0.5658836792626517 0.5534221150684796 0.5397920999999904 0.5981281199999948 27.211476944985556 9.834007994319267 7.551522810795033 9.82594613987126
63 385.58744196373397 0.5662829150684711 0.5610641919999855 0.5397920999999904 0.5923681199999935 27.530188906987988 10.158332428482055 7.551522810795033 9.820333667710903
64 331.20337653863544 0.5526981908256667 0.54429589333332 0.522254069841262 0.5845500899999936 25.349044037586804 9.045811471978551 6.523710007126594 9.77952255848167
65 200.68676478608378 0.31072869818180543 0.39499048421052313 0.3333507750000048 0.21258234000000242 25.21782143777611 10.311307597351092 7.170651563235236 7.735862277189778
66 157.79277163098217 0.0259462124401911 0.0326576842105263 0.0 0.042619918840579626 2.527984945970762 2.4819780428980547 0.0 0.04600690307270748
67 157.89070079999894 0.05808593454545391 0.062221473684210576 0.013132800000000005 0.0901196799999995 3.9218971471037958 2.9584462456621305 0.8071623964825685 0.1562885049590963
68 157.89070079999894 0.05808593454545391 0.062221473684210576 0.013132800000000005 0.0901196799999995 3.9218971471037958 2.9584462456621305 0.8071623964825685 0.1562885049590963
69 157.89070079999894 0.05808593454545391 0.062221473684210576 0.013132800000000005 0.0901196799999995 3.9218971471037958 2.9584462456621305 0.8071623964825685 0.1562885049590963
70 157.89070079999894 0.05808593454545391 0.062221473684210576 0.013132800000000005 0.0901196799999995 3.9218971471037958 2.9584462456621305 0.8071623964825685 0.1562885049590963
71 157.89070079999894 0.05808593454545391 0.062221473684210576 0.013132800000000005 0.0901196799999995 3.9218971471037958 2.9584462456621305 0.8071623964825685 0.1562885049590963
72 157.89070079999894 0.05808593454545391 0.062221473684210576 0.013132800000000005 0.0901196799999995 3.9218971471037958 2.9584462456621305 0.8071623964825685 0.1562885049590963
73 157.89070079999894 0.05808593454545391 0.062221473684210576 0.013132800000000005 0.0901196799999995 3.9218971471037958 2.9584462456621305 0.8071623964825685 0.1562885049590963
74 157.89070079999894 0.05808593454545391 0.062221473684210576 0.013132800000000005 0.0901196799999995 3.9218971471037958 2.9584462456621305 0.8071623964825685 0.1562885049590963
75 157.89070079999894 0.05808593454545391 0.062221473684210576 0.013132800000000005 0.0901196799999995 3.9218971471037958 2.9584462456621305 0.8071623964825685 0.1562885049590963
76 157.89070079999894 0.05808593454545391 0.062221473684210576 0.013132800000000005 0.0901196799999995 3.9218971471037958 2.9584462456621305 0.8071623964825685 0.1562885049590963
77 157.89070079999894 0.05808593454545391 0.062221473684210576 0.013132800000000005 0.0901196799999995 3.9218971471037958 2.9584462456621305 0.8071623964825685 0.1562885049590963
78 157.89070079999894 0.05808593454545391 0.062221473684210576 0.013132800000000005 0.0901196799999995 3.9218971471037958 2.9584462456621305 0.8071623964825685 0.1562885049590963
79 157.89070079999894 0.05808593454545391 0.062221473684210576 0.013132800000000005 0.0901196799999995 3.9218971471037958 2.9584462456621305 0.8071623964825685 0.1562885049590963
80 157.89070079999894 0.05808593454545391 0.062221473684210576 0.013132800000000005 0.0901196799999995 3.9218971471037958 2.9584462456621305 0.8071623964825685 0.1562885049590963
81 157.89070079999894 0.05808593454545391 0.062221473684210576 0.013132800000000005 0.0901196799999995 3.9218971471037958 2.9584462456621305 0.8071623964825685 0.1562885049590963
82 157.89070079999894 0.05808593454545391 0.062221473684210576 0.013132800000000005 0.0901196799999995 3.9218971471037958 2.9584462456621305 0.8071623964825685 0.1562885049590963
83 157.89070079999894 0.05808593454545391 0.062221473684210576 0.013132800000000005 0.0901196799999995 3.9218971471037958 2.9584462456621305 0.8071623964825685 0.1562885049590963
84 157.89070079999894 0.05808593454545391 0.062221473684210576 0.013132800000000005 0.0901196799999995 3.9218971471037958 2.9584462456621305 0.8071623964825685 0.1562885049590963
85 157.89070079999894 0.05808593454545391 0.062221473684210576 0.013132800000000005 0.0901196799999995 3.9218971471037958 2.9584462456621305 0.8071623964825685 0.1562885049590963
86 157.89070079999894 0.05808593454545391 0.062221473684210576 0.013132800000000005 0.0901196799999995 3.9218971471037958 2.9584462456621305 0.8071623964825685 0.1562885049590963
87 157.89070079999894 0.05808593454545391 0.062221473684210576 0.013132800000000005 0.0901196799999995 3.9218971471037958 2.9584462456621305 0.8071623964825685 0.1562885049590963
88 157.89070079999894 0.05808593454545391 0.062221473684210576 0.013132800000000005 0.0901196799999995 3.9218971471037958 2.9584462456621305 0.8071623964825685 0.1562885049590963
89 157.89070079999894 0.05808593454545391 0.062221473684210576 0.013132800000000005 0.0901196799999995 3.9218971471037958 2.9584462456621305 0.8071623964825685 0.1562885049590963
90 157.89070079999894 0.05808593454545391 0.062221473684210576 0.013132800000000005 0.0901196799999995 3.9218971471037958 2.9584462456621305 0.8071623964825685 0.1562885049590963
91 157.89070079999894 0.05808593454545391 0.062221473684210576 0.013132800000000005 0.0901196799999995 3.9218971471037958 2.9584462456621305 0.8071623964825685 0.1562885049590963
92 157.89070079999894 0.05808593454545391 0.062221473684210576 0.013132800000000005 0.0901196799999995 3.9218971471037958 2.9584462456621305 0.8071623964825685 0.1562885049590963
93 157.89070079999894 0.05808593454545391 0.062221473684210576 0.013132800000000005 0.0901196799999995 3.9218971471037958 2.9584462456621305 0.8071623964825685 0.1562885049590963
94 157.89070079999894 0.05808593454545391 0.062221473684210576 0.013132800000000005 0.0901196799999995 3.9218971471037958 2.9584462456621305 0.8071623964825685 0.1562885049590963
95 157.89070079999894 0.05808593454545391 0.062221473684210576 0.013132800000000005 0.0901196799999995 3.9218971471037958 2.9584462456621305 0.8071623964825685 0.1562885049590963
96 157.89070079999894 0.05808593454545391 0.062221473684210576 0.013132800000000005 0.0901196799999995 3.9218971471037958 2.9584462456621305 0.8071623964825685 0.1562885049590963
97 157.89070079999894 0.05808593454545391 0.062221473684210576 0.013132800000000005 0.0901196799999995 3.9218971471037958 2.9584462456621305 0.8071623964825685 0.1562885049590963
98 157.89070079999894 0.05808593454545391 0.062221473684210576 0.013132800000000005 0.0901196799999995 3.9218971471037958 2.9584462456621305 0.8071623964825685 0.1562885049590963
99 157.89070079999894 0.05808593454545391 0.062221473684210576 0.013132800000000005 0.0901196799999995 3.9218971471037958 2.9584462456621305 0.8071623964825685 0.1562885049590963
100 157.89070079999894 0.05808593454545391 0.062221473684210576 0.013132800000000005 0.0901196799999995 3.9218971471037958 2.9584462456621305 0.8071623964825685 0.1562885049590963
101 157.89070079999894 0.05808593454545391 0.062221473684210576 0.013132800000000005 0.0901196799999995 3.9218971471037958 2.9584462456621305 0.8071623964825685 0.1562885049590963
102 157.89070079999894 0.05808593454545391 0.062221473684210576 0.013132800000000005 0.0901196799999995 3.9218971471037958 2.9584462456621305 0.8071623964825685 0.1562885049590963
103 157.89070079999894 0.05808593454545391 0.062221473684210576 0.013132800000000005 0.0901196799999995 3.9218971471037958 2.9584462456621305 0.8071623964825685 0.1562885049590963
104 157.89070079999894 0.05808593454545391 0.062221473684210576 0.013132800000000005 0.0901196799999995 3.9218971471037958 2.9584462456621305 0.8071623964825685 0.1562885049590963
105 157.89070079999894 0.05808593454545391 0.062221473684210576 0.013132800000000005 0.0901196799999995 3.9218971471037958 2.9584462456621305 0.8071623964825685 0.1562885049590963
106 157.89070079999894 0.05808593454545391 0.062221473684210576 0.013132800000000005 0.0901196799999995 3.9218971471037958 2.9584462456621305 0.8071623964825685 0.1562885049590963
107 157.89070079999894 0.05808593454545391 0.062221473684210576 0.013132800000000005 0.0901196799999995 3.9218971471037958 2.9584462456621305 0.8071623964825685 0.1562885049590963
108 157.89070079999894 0.05808593454545391 0.062221473684210576 0.013132800000000005 0.0901196799999995 3.9218971471037958 2.9584462456621305 0.8071623964825685 0.1562885049590963
109 157.89070079999894 0.05808593454545391 0.062221473684210576 0.013132800000000005 0.0901196799999995 3.9218971471037958 2.9584462456621305 0.8071623964825685 0.1562885049590963
110 157.89070079999894 0.05808593454545391 0.062221473684210576 0.013132800000000005 0.0901196799999995 3.9218971471037958 2.9584462456621305 0.8071623964825685 0.1562885049590963
111 157.89070079999894 0.05808593454545391 0.062221473684210576 0.013132800000000005 0.0901196799999995 3.9218971471037958 2.9584462456621305 0.8071623964825685 0.1562885049590963
112 157.89070079999894 0.05808593454545391 0.062221473684210576 0.013132800000000005 0.0901196799999995 3.9218971471037958 2.9584462456621305 0.8071623964825685 0.1562885049590963
113 157.89070079999894 0.05808593454545391 0.062221473684210576 0.013132800000000005 0.0901196799999995 3.9218971471037958 2.9584462456621305 0.8071623964825685 0.1562885049590963
114 157.89070079999894 0.05808593454545391 0.062221473684210576 0.013132800000000005 0.0901196799999995 3.9218971471037958 2.9584462456621305 0.8071623964825685 0.1562885049590963
115 157.89070079999894 0.05808593454545391 0.062221473684210576 0.013132800000000005 0.0901196799999995 3.9218971471037958 2.9584462456621305 0.8071623964825685 0.1562885049590963
116 157.89070079999894 0.05808593454545391 0.062221473684210576 0.013132800000000005 0.0901196799999995 3.9218971471037958 2.9584462456621305 0.8071623964825685 0.1562885049590963
117 157.89070079999894 0.05808593454545391 0.062221473684210576 0.013132800000000005 0.0901196799999995 3.9218971471037958 2.9584462456621305 0.8071623964825685 0.1562885049590963
118 157.89070079999894 0.05808593454545391 0.062221473684210576 0.013132800000000005 0.0901196799999995 3.9218971471037958 2.9584462456621305 0.8071623964825685 0.1562885049590963
119 157.89070079999894 0.05808593454545391 0.062221473684210576 0.013132800000000005 0.0901196799999995 3.9218971471037958 2.9584462456621305 0.8071623964825685 0.1562885049590963
120 157.89070079999894 0.05808593454545391 0.062221473684210576 0.013132800000000005 0.0901196799999995 3.9218971471037958 2.9584462456621305 0.8071623964825685 0.1562885049590963
121 157.89070079999894 0.05808593454545391 0.062221473684210576 0.013132800000000005 0.0901196799999995 3.9218971471037958 2.9584462456621305 0.8071623964825685 0.1562885049590963
122 157.89070079999894 0.05808593454545391 0.062221473684210576 0.013132800000000005 0.0901196799999995 3.9218971471037958 2.9584462456621305 0.8071623964825685 0.1562885049590963
123 157.89070079999894 0.05808593454545391 0.062221473684210576 0.013132800000000005 0.0901196799999995 3.9218971471037958 2.9584462456621305 0.8071623964825685 0.1562885049590963
124 157.89070079999894 0.05808593454545391 0.062221473684210576 0.013132800000000005 0.0901196799999995 3.9218971471037958 2.9584462456621305 0.8071623964825685 0.1562885049590963
125 157.89070079999894 0.05808593454545391 0.062221473684210576 0.013132800000000005 0.0901196799999995 3.9218971471037958 2.9584462456621305 0.8071623964825685 0.1562885049590963
126 157.89070079999894 0.05808593454545391 0.062221473684210576 0.013132800000000005 0.0901196799999995 3.9218971471037958 2.9584462456621305 0.8071623964825685 0.1562885049590963
127 157.89070079999894 0.05808593454545391 0.062221473684210576 0.013132800000000005 0.0901196799999995 3.9218971471037958 2.9584462456621305 0.8071623964825685 0.1562885049590963
128 157.89070079999894 0.05808593454545391 0.062221473684210576 0.013132800000000005 0.0901196799999995 3.9218971471037958 2.9584462456621305 0.8071623964825685 0.1562885049590963
129 157.89070079999894 0.05808593454545391 0.062221473684210576 0.013132800000000005 0.0901196799999995 3.9218971471037958 2.9584462456621305 0.8071623964825685 0.1562885049590963
130 157.89070079999894 0.05808593454545391 0.062221473684210576 0.013132800000000005 0.0901196799999995 3.9218971471037958 2.9584462456621305 0.8071623964825685 0.1562885049590963
131 157.89070079999894 0.05808593454545391 0.062221473684210576 0.013132800000000005 0.0901196799999995 3.9218971471037958 2.9584462456621305 0.8071623964825685 0.1562885049590963
132 157.89070079999894 0.05808593454545391 0.062221473684210576 0.013132800000000005 0.0901196799999995 3.9218971471037958 2.9584462456621305 0.8071623964825685 0.1562885049590963
133 157.89070079999894 0.05808593454545391 0.062221473684210576 0.013132800000000005 0.0901196799999995 3.9218971471037958 2.9584462456621305 0.8071623964825685 0.1562885049590963
134 157.89070079999894 0.05808593454545391 0.062221473684210576 0.013132800000000005 0.0901196799999995 3.9218971471037958 2.9584462456621305 0.8071623964825685 0.1562885049590963
135 157.89070079999894 0.05808593454545391 0.062221473684210576 0.013132800000000005 0.0901196799999995 3.9218971471037958 2.9584462456621305 0.8071623964825685 0.1562885049590963
136 157.89070079999894 0.05808593454545391 0.062221473684210576 0.013132800000000005 0.0901196799999995 3.9218971471037958 2.9584462456621305 0.8071623964825685 0.1562885049590963
137 157.89070079999894 0.05808593454545391 0.062221473684210576 0.013132800000000005 0.0901196799999995 3.9218971471037958 2.9584462456621305 0.8071623964825685 0.1562885049590963
138 157.89070079999894 0.05808593454545391 0.062221473684210576 0.013132800000000005 0.0901196799999995 3.9218971471037958 2.9584462456621305 0.8071623964825685 0.1562885049590963
139 157.89070079999894 0.05808593454545391 0.062221473684210576 0.013132800000000005 0.0901196799999995 3.9218971471037958 2.9584462456621305 0.8071623964825685 0.1562885049590963
140 157.89070079999894 0.05808593454545391 0.062221473684210576 0.013132800000000005 0.0901196799999995 3.9218971471037958 2.9584462456621305 0.8071623964825685 0.1562885049590963
141 157.89070079999894 0.05808593454545391 0.062221473684210576 0.013132800000000005 0.0901196799999995 3.9218971471037958 2.9584462456621305 0.8071623964825685 0.1562885049590963
142 157.89070079999894 0.05808593454545391 0.062221473684210576 0.013132800000000005 0.0901196799999995 3.9218971471037958 2.9584462456621305 0.8071623964825685 0.1562885049590963
143 157.89070079999894 0.05808593454545391 0.062221473684210576 0.013132800000000005 0.0901196799999995 3.9218971471037958 2.9584462456621305 0.8071623964825685 0.1562885049590963
144 157.89070079999894 0.05808593454545391 0.062221473684210576 0.013132800000000005 0.0901196799999995 3.9218971471037958 2.9584462456621305 0.8071623964825685 0.1562885049590963
145 157.89070079999894 0.05808593454545391 0.062221473684210576 0.013132800000000005 0.0901196799999995 3.9218971471037958 2.9584462456621305 0.8071623964825685 0.1562885049590963
146 157.89070079999894 0.05808593454545391 0.062221473684210576 0.013132800000000005 0.0901196799999995 3.9218971471037958 2.9584462456621305 0.8071623964825685 0.1562885049590963
147 157.89070079999894 0.05808593454545391 0.062221473684210576 0.013132800000000005 0.0901196799999995 3.9218971471037958 2.9584462456621305 0.8071623964825685 0.1562885049590963
148 157.89070079999894 0.05808593454545391 0.062221473684210576 0.013132800000000005 0.0901196799999995 3.9218971471037958 2.9584462456621305 0.8071623964825685 0.1562885049590963
149 157.89070079999894 0.05808593454545391 0.062221473684210576 0.013132800000000005 0.0901196799999995 3.9218971471037958 2.9584462456621305 0.8071623964825685 0.1562885049590963
150 157.89070079999894 0.05808593454545391 0.062221473684210576 0.013132800000000005 0.0901196799999995 3.9218971471037958 2.9584462456621305 0.8071623964825685 0.1562885049590963
151 157.89070079999894 0.05808593454545391 0.062221473684210576 0.013132800000000005 0.0901196799999995 3.9218971471037958 2.9584462456621305 0.8071623964825685 0.1562885049590963
152 157.89070079999894 0.05808593454545391 0.062221473684210576 0.013132800000000005 0.0901196799999995 3.9218971471037958 2.9584462456621305 0.8071623964825685 0.1562885049590963
153 157.89070079999894 0.05808593454545391 0.062221473684210576 0.013132800000000005 0.0901196799999995 3.9218971471037958 2.9584462456621305 0.8071623964825685 0.1562885049590963
154 157.89070079999894 0.05808593454545391 0.062221473684210576 0.013132800000000005 0.0901196799999995 3.9218971471037958 2.9584462456621305 0.8071623964825685 0.1562885049590963
155 157.89070079999894 0.05808593454545391 0.062221473684210576 0.013132800000000005 0.0901196799999995 3.9218971471037958 2.9584462456621305 0.8071623964825685 0.1562885049590963
156 157.89070079999894 0.05808593454545391 0.062221473684210576 0.013132800000000005 0.0901196799999995 3.9218971471037958 2.9584462456621305 0.8071623964825685 0.1562885049590963
157 157.89070079999894 0.05808593454545391 0.062221473684210576 0.013132800000000005 0.0901196799999995 3.9218971471037958 2.9584462456621305 0.8071623964825685 0.1562885049590963
158 157.89070079999894 0.05808593454545391 0.062221473684210576 0.013132800000000005 0.0901196799999995 3.9218971471037958 2.9584462456621305 0.8071623964825685 0.1562885049590963
159 157.89070079999894 0.05808593454545391 0.062221473684210576 0.013132800000000005 0.0901196799999995 3.9218971471037958 2.9584462456621305 0.8071623964825685 0.1562885049590963
160 157.89070079999894 0.05808593454545391 0.062221473684210576 0.013132800000000005 0.0901196799999995 3.9218971471037958 2.9584462456621305 0.8071623964825685 0.1562885049590963
161 157.89070079999894 0.05808593454545391 0.062221473684210576 0.013132800000000005 0.0901196799999995 3.9218971471037958 2.9584462456621305 0.8071623964825685 0.1562885049590963
162 157.89070079999894 0.05808593454545391 0.062221473684210576 0.013132800000000005 0.0901196799999995 3.9218971471037958 2.9584462456621305 0.8071623964825685 0.1562885049590963
163 157.89070079999894 0.05808593454545391 0.062221473684210576 0.013132800000000005 0.0901196799999995 3.9218971471037958 2.9584462456621305 0.8071623964825685 0.1562885049590963
164 157.89070079999894 0.05808593454545391 0.062221473684210576 0.013132800000000005 0.0901196799999995 3.9218971471037958 2.9584462456621305 0.8071623964825685 0.1562885049590963
165 157.89070079999894 0.05808593454545391 0.062221473684210576 0.013132800000000005 0.0901196799999995 3.9218971471037958 2.9584462456621305 0.8071623964825685 0.1562885049590963
166 157.89070079999894 0.05808593454545391 0.062221473684210576 0.013132800000000005 0.0901196799999995 3.9218971471037958 2.9584462456621305 0.8071623964825685 0.1562885049590963
167 157.89070079999894 0.05808593454545391 0.062221473684210576 0.013132800000000005 0.0901196799999995 3.9218971471037958 2.9584462456621305 0.8071623964825685 0.1562885049590963
168 157.89070079999894 0.05808593454545391 0.062221473684210576 0.013132800000000005 0.0901196799999995 3.9218971471037958 2.9584462456621305 0.8071623964825685 0.1562885049590963
169 157.89070079999894 0.05808593454545391 0.062221473684210576 0.013132800000000005 0.0901196799999995 3.9218971471037958 2.9584462456621305 0.8071623964825685 0.1562885049590963
170 157.89070079999894 0.05808593454545391 0.062221473684210576 0.013132800000000005 0.0901196799999995 3.9218971471037958 2.9584462456621305 0.8071623964825685 0.1562885049590963
171 157.89070079999894 0.05808593454545391 0.062221473684210576 0.013132800000000005 0.0901196799999995 3.9218971471037958 2.9584462456621305 0.8071623964825685 0.1562885049590963
172 157.89070079999894 0.05808593454545391 0.062221473684210576 0.013132800000000005 0.0901196799999995 3.9218971471037958 2.9584462456621305 0.8071623964825685 0.1562885049590963
173 157.89070079999894 0.05808593454545391 0.062221473684210576 0.013132800000000005 0.0901196799999995 3.9218971471037958 2.9584462456621305 0.8071623964825685 0.1562885049590963
174 157.89070079999894 0.05808593454545391 0.062221473684210576 0.013132800000000005 0.0901196799999995 3.9218971471037958 2.9584462456621305 0.8071623964825685 0.1562885049590963
