1 62.930067048691214 0.17243467353293424 0.18417062714285684 0.2156537566666665 0.12907388952380944 9.480094649777106 2.975753366830009 3.756171257214577 2.7481700257325206
2 91.27069436423322 0.2344096050285714 0.24410094476190486 0.2681682682352942 0.19617606032786916 13.749677455965603 3.6700634046237743 5.322967238005775 4.756646813336052
3 76.16035926543516 0.1557216435955069 0.1510228215873014 0.17066126615384597 0.14808934857142847 10.164945747336786 3.2558353112395575 3.7742942522296805 3.134816183867551
4 56.10168678582373 0.1382879943195268 0.12538239322033867 0.14360885565217388 0.14636097624999955 10.601107411447696 2.8088818855515023 3.355204837041081 4.437020688855114
5 78.46555657071069 0.14637030086956546 0.16130565818181802 0.1677750973584906 0.11375202707692293 11.133445652887707 3.0706428703919957 4.191673550941536 3.871129231554173
6 76.4684290304881 0.23329368238095266 0.23427362526315804 0.29104925584905683 0.1795539903448274 11.762240731754119 3.015563368988339 4.465439558871722 4.281237803894055
7 79.75074867522422 0.10752105733333352 0.16291861587301545 0.09849260218181805 0.05923910322580634 10.45872068719042 4.816990192925676 3.099843929317956 2.5418865649467834
8 82.37765813666962 0.19832540000000065 0.20817533199999996 0.19614374638297827 0.19031788852459036 13.405537286958017 3.3668468817771995 4.087615597030397 5.951074808150416
9 73.8388716909212 0.16230726508474633 0.14325760533333298 0.15767601439999934 0.1828228191044775 10.678607310072314 2.5082637125138936 3.554080462479614 4.616263135078809
10 68.34778452456159 0.16394674298850603 0.19285708874999982 0.1739339608163269 0.12559205770491777 9.960183578163553 3.571639983323751 3.7698799128701075 2.618663681969694
11 52.00149867651515 0.1366978431460672 0.12764298322580608 0.12723279199999982 0.1523744169696966 6.471596508221842 2.3831390641512673 2.5440770801212476 1.544380363949326
12 42.54666503826433 0.11390868519774068 0.13753083870967706 0.13391421803921535 0.07508281500000007 7.609606892655186 2.8473267514323988 3.128528947251182 1.6337511939716025
13 64.96084214159426 0.15400209608938606 0.16359951225806404 0.1446870701886793 0.15241860499999982 9.890671221584467 3.6111314753448127 3.5024203724963434 2.777119373743314
14 39.12624517348481 0.0764026741573034 0.09257198533333305 0.08246293672727247 0.055712624761904694 6.0727439055581796 2.1158418001872428 1.849277991150657 2.1076241142202785
15 51.590768172413675 0.07061097832402224 0.09489345290322547 0.06983494153846162 0.04807006276923073 6.9041001788252805 3.0787657632878256 2.718026166504295 1.1073082490331596
16 26.838883929150082 0.09745004022099438 0.08054718399999992 0.09285192296296285 0.1162928716417908 4.226507374834536 1.214017103975529 1.9916815301499315 1.0208087407090751
17 101.84914077659265 0.2278970761581917 0.21332356551724177 0.2312982461538465 0.2378732370149261 14.323890349882426 3.363162744045199 5.092107200214125 5.868620405623099
18 64.062695097142 0.1177383085714289 0.15035162461538457 0.1129935514285715 0.09047126235294124 9.666272677381524 4.358893990512974 3.4651325261355 1.8422461607330514
19 69.97273282107172 0.11960501405405446 0.1594011357575752 0.12377419692307698 0.07716708059701505 11.61368876540937 4.488476364833425 3.5862338487004717 3.538978551875469
20 60.65932656561025 0.09669145284974119 0.1315130882352944 0.09512438206896572 0.06270666029850758 9.447479750568654 3.953411129164202 3.371713381504506 2.122355239899947
21 55.38157200101016 0.10977925967567617 0.12236910476190489 0.10619592857142852 0.10080208242424207 7.05803683686538 3.5401355994561046 2.930185910537744 0.5877153268715315
22 55.06986741301082 0.1291844101657458 0.13458781587301613 0.1515150738461534 0.10643275757575733 10.613088085146176 2.5062867502297417 4.432808682346632 3.673992652569801
23 39.17470037270181 0.12014583227272774 0.12353014399999987 0.15966578923076924 0.08486307499999995 6.904570034840137 1.9243644623859588 3.4553023853098157 1.5249031871443601
24 59.440643641740294 0.12369951913043557 0.15503253749999962 0.1409096300000001 0.07730765374999994 8.918341039308617 3.2859245921869564 3.334392795632659 2.2980236514889976
25 67.39315818556993 0.18959548091954007 0.22869813419354892 0.2004660685714283 0.14265860317460324 9.948727361779449 3.053296089995423 3.301078033955302 3.5943532378287255
26 74.45253754380657 0.14743708729281707 0.1567536039999999 0.1470356666666668 0.13941747104477606 9.293574209128554 3.4696326756154914 3.9785751265407296 1.8453664069723361
27 95.54830428802195 0.20984773171270696 0.20755451225806482 0.24112768615384636 0.18769283582089535 12.729171116586773 5.217237162958426 4.452216708255884 3.0597172453724593
28 93.67649342434602 0.21897591500000166 0.24308646426229508 0.21941250867924497 0.19488102838709617 14.185937988047748 4.698628131191007 4.831371070082947 4.655938786773791
29 70.78500224823678 0.1637783323404247 0.14378369874999997 0.15378970428571406 0.19082274000000005 10.18833693840228 2.846799641242409 4.106646901932707 3.2348903952271675
30 53.22309906715055 0.13700242201058146 0.1281008567741932 0.12354314285714298 0.15539138929577428 8.28512004991314 1.9823790909338332 3.1468694639743715 3.155871495004938
31 58.795091770524266 0.14034499708333287 0.12972354461538468 0.13418939929824533 0.15522018971428536 10.293867057440142 3.0395824613337834 3.749638690283553 3.5046459058228048
32 212.6729648905057 0.3309869350264509 0.2839007733333372 0.37467541735849325 0.34230403657143305 12.616242652044942 2.698629470123599 4.293615606810247 5.6239975751110975
33 306.20940858166153 0.38868842956521255 0.40406364774193765 0.3651088914285746 0.3942519236363622 21.152427077117952 9.924686153384513 5.36400772394747 5.863733199785969
34 245.48609519903476 0.23776940202020322 0.24701957492537296 0.20095344677966115 0.2593302322222226 15.098658787010422 7.80757008891635 4.0535160178774365 3.2375726802166334
35 207.80159063015054 0.22030990370370376 0.23009273599999996 0.1651432500000001 0.2566339740259726 12.739878601750636 6.615019910771963 3.7443450682541384 2.380513622724535
36 245.98090035611295 0.1983892740465107 0.2130822962162162 0.16013093333333345 0.215350707692309 12.152100382807294 6.444895054103015 3.5672366336218384 2.13996869508244
37 299.9394990155604 0.32844081027523075 0.3431434736842106 0.27801348750000043 0.35549140307692023 17.314854186405285 8.287446358903331 4.93012086777191 4.097286959730038
38 259.53474656237216 0.16826701757009338 0.21198699027026993 0.12098860387096773 0.16436937230769247 11.126926395642379 6.8122514046794125 2.2315810160310092 2.0830939749319537
39 303.98523877177485 0.4317555627184309 0.4713394217142828 0.42563829901639416 0.399786002133333 22.492779342721555 9.856704392659774 5.164615276898532 7.471459673163248
40 251.5973577762982 0.35588965241378573 0.380020163636365 0.3379491120000026 0.3491859989610394 20.109578510794403 8.865773162867928 4.167623894919203 7.076181453007275
41 284.6947392068485 0.27783256565656367 0.32437317633803014 0.22950819466666675 0.2717889671641806 18.30291500619968 8.738188836118423 4.089012568929473 5.475713601151787
42 307.4026826763965 0.38391815307691496 0.4136972076712298 0.36972302426229653 0.366242908108109 19.721854152471177 8.931422397409131 4.7247792033036875 6.065652551758359
43 211.05422529505367 0.08495217752380967 0.13730345599999944 0.05302066064516124 0.06335172307692322 8.764332372694883 6.511038388296473 2.118114960313599 0.13517902408481605
44 234.43884344787332 0.273863680776697 0.32353570285714445 0.25641136258064573 0.24149884540540642 19.096591226805216 8.980939272136526 5.711215294414077 4.404436660254612
45 337.972177241943 0.4549782546859796 0.4972495101369813 0.4553475986440654 0.41354368213333104 25.413597464395664 10.116755767651407 7.338705798737934 7.958135898006322
46 326.162545701513 0.17034905923076987 0.23637709295774637 0.18151717161290315 0.09861021439999998 15.296788884325677 8.071830073337278 4.561489504654176 2.6634693063342256
47 270.7696247920625 0.22133406579439438 0.28262965698630194 0.23610723096774222 0.15309970632911377 13.844098057472292 6.431417079956881 4.318320627611923 3.0943603499034875
48 350.95505350115565 0.2409499370370405 0.28099381917808225 0.24335165714285714 0.20251854000000072 14.897981571719411 7.086900713777808 4.571495768987135 3.2395850889544673
49 341.9918511977984 0.35711412330274456 0.4158319437837803 0.35196443500000235 0.3069198900000027 19.32708169340402 8.996907386782919 4.758056207461266 5.572118099159837
50 424.16528347658937 0.1970471526760546 0.26161940281690094 0.19037420952380946 0.14433532556962095 13.88696721682644 8.0479442861191 3.327526703867359 2.5114962268399807
51 567.1680344207772 0.4640422109090801 0.4663322948571374 0.4207247974193563 0.49683927272727374 25.929724276483842 10.005223398436708 6.873651969594647 9.05084890845248
52 502.8712920070514 0.5442624337614544 0.5815506315789358 0.564395399999991 0.4914109866666641 26.65978583247781 10.30523452756146 7.777441717958479 8.577109586957864
53 781.267761449139 0.5690962377358455 0.5743041493333231 0.5636599475409788 0.5683201894736803 27.486910902665585 10.15616144044266 7.39520326968993 9.93554619253299
54 517.6741601169259 0.5814707383486106 0.6023882594594439 0.5937093149999871 0.5523311699999927 29.358138072250682 10.28801536929098 8.145898929320385 10.924223773639309
55 228.8188960704959 0.169156795555555 0.18158714594594622 0.10977974999999995 0.20608352615384642 7.211652628025803 5.117519016773105 1.1434566094430645 0.9506770018096327
56 367.1094910986339 0.15837002148148163 0.19080397894736884 0.08461971612903225 0.18538974153846144 10.301108561701199 6.70613366362497 2.2349368071075633 1.360038090968672
57 542.8157913156103 0.5322690635944516 0.5579527070270145 0.5329835695238007 0.5079490199999955 25.256729058030594 9.594892281651374 6.905461977090415 8.756374799288803
58 561.5161897427957 0.5651774429492938 0.5791999573333202 0.5885722761290211 0.5339003399999911 28.819887272687975 10.50408132325477 8.153126677919863 10.162679271513346
59 490.76990189178053 0.4551666082191653 0.454779852631574 0.42131222857142725 0.48219434999999283 19.145595285125257 8.068325169605252 4.767068583173489 6.310201532346521
60 733.6700301996477 0.3684972222831045 0.45325856842105167 0.40443273749999875 0.2578423453164563 22.329002085829664 9.4507748739917 6.5637552348888795 6.314471976949087
61 600.2309392180722 0.3891039054545308 0.44737901052631107 0.39427571250000126 0.32960510999999865 17.673855532555635 8.511792177259188 4.8800106705924815 4.282052684703966
62 615.9132496831181 0.41489166027395974 0.47001708799999387 0.42600644999999526 0.35431973999999655 22.420120920318702 9.479579426504303 5.9654211893675715 6.97512030444683
63 537.8953754625924 0.38826345302325227 0.47159116666666456 0.4464139499999995 0.2652099443037984 23.768110469182094 9.604411328543343 7.704412752821913 6.459286387816835
64 382.543465815692 0.4697314275229204 0.5091996053333258 0.47898425396824945 0.42544340999999497 22.649592239776972 9.163460263240744 5.629159741850532 7.856972234685697
65 424.9278668298996 0.3546959666666543 0.39056708108107985 0.3332990709677469 0.3380977800000019 24.84263476465451 10.196961254294997 6.4342170116472435 8.211456498712268
66 547.5025536609585 0.5420262193548029 0.5505665279999905 0.5365508624999937 0.5383069846153761 27.086249783854264 10.093864954984578 7.366231524437333 9.626153304432345
67 390.95948036873585 0.5111290799999791 0.502066894736835 0.5368190624999942 0.49918617000000143 24.43099687718396 7.422196167838685 7.414264660312987 9.594536049032296
68 451.61009953048693 0.5424346374428882 0.5523379578947273 0.5385505949999935 0.5360539584810057 26.876963167044803 9.758325560104053 7.584920846357565 9.533716760583175
69 427.7047847378751 0.5136625194469836 0.5215356648648565 0.5382659249999935 0.48635580151899005 24.80475449322654 7.782785801976024 7.3952887879695846 9.626679903280943
70 442.95365754640954 0.47710525090907224 0.5174787789473604 0.48816146249999604 0.4299054300000036 26.93059099274327 10.053418780489341 7.5673278938735935 9.309844318380332
71 241.77536841003428 0.08519285114155242 0.10996517333333349 0.0426756375 0.09598257000000011 7.386225536683942 5.175276452530903 2.0583756702290725 0.15257341392396734
72 122.66570586975797 0.09863013454545422 0.09321551578947368 0.061544700000000035 0.13344237000000006 6.737473226029218 3.3705825963513396 2.763897592650413 0.6029930370274645
73 351.28740562847617 0.170307533944952 0.18446065945945964 0.14236706249999986 0.17956827000000122 15.31758396602517 6.735283934541662 4.330333121976056 4.2519669095074555
74 343.40977302424807 0.14032793454545445 0.14796445263157884 0.10245397500000004 0.16337241000000013 8.719619847665102 4.558439344144238 3.184387571344116 0.9767929321767465
75 846.2876911871632 0.4766162846082714 0.5261875437837734 0.5399048685714195 0.38092310999999635 26.002345456120032 8.971907672980663 7.418240241383266 9.612197541756103
76 577.8653454984665 0.10565804770642273 0.19313860540540567 0.10656148750000037 0.024015779999999997 12.373660536809037 7.95682413341354 3.7386739650737657 0.6781624383217303
77 629.384948316897 0.4516412460829314 0.4761084799999964 0.4810361142857158 0.404971382278484 23.495789240728058 7.410620865878106 6.664180795620043 9.420987579229907
78 692.5597115880423 0.5271755504586947 0.49766918399998994 0.49928665874999373 0.5777814562025222 24.118417359833437 8.677773638671791 5.630216409589588 9.810427311572058
79 846.0319916733221 0.5578438254545209 0.5572765894736698 0.5382971999999905 0.5740199999999898 27.508773353630517 10.249424688039324 7.473297865062042 9.786050800529155
80 696.4943604748287 0.5544376767123046 0.5734540421052533 0.5443379999999899 0.5443254683544135 27.530775851807956 10.269762258045647 7.524306839513923 9.736706754248381
81 706.7027472931898 0.5538249140740539 0.548287999999987 0.544069978412689 0.5672712311688182 25.577100635811554 8.50944600367924 6.652918067717918 10.414736564414408
82 727.9665526870644 0.5457671817351367 0.5280595626666569 0.5309772749999909 0.5741999999999897 25.80957988840282 8.84054033322273 7.1567639054554055 9.812275649724677
83 719.2742358488777 0.5474554363636138 0.5552662736841971 0.537219899999991 0.5482235699999904 26.26328369656817 9.107683145325836 7.493725460640522 9.661875090601809
84 534.1567683289255 0.5816829309090884 0.5501087157894615 0.5902091999999891 0.6048574199999902 27.773906585341926 8.05785123000905 8.046289822850365 11.669765532482508
85 589.2161660018476 0.355945728727266 0.34440361473683867 0.34273811250000036 0.37747682999999504 16.49856121509091 5.87077905075388 5.362030351795872 5.2657518125411595
86 474.76881298750345 0.5685822981818018 0.5499507789473551 0.5641179749999891 0.589853699999989 25.978791511403074 7.941364954258758 7.76069497745527 10.276731579689049
87 544.9311545504783 0.5642758794520341 0.5380085119999939 0.5703353999999968 0.5840539199999928 25.518958151341707 7.805329333742966 7.755890250914102 9.95773856668464
88 517.2124111804758 0.5702106191780681 0.5520807679999913 0.5628916124999928 0.5930625599999904 27.34213248137296 9.220426004675183 7.7763719806639715 10.345334496033807
89 633.7562083876924 0.5643390763636191 0.5328608210526189 0.5646512249999891 0.5939936999999895 25.874385068279416 7.804304859772428 7.78008123910018 10.289998969406804
90 512.3556073595303 0.5671359407407205 0.5633109621621487 0.5649929999999889 0.5725230769230608 27.66768385746853 9.35509330649265 7.739548664369894 10.573041886605981
91 663.7127892361276 0.5600819031963266 0.5389405013333206 0.5618557124999891 0.5784829199999826 26.293898812493502 8.002744233042504 7.668936203802902 10.622218375648101
92 650.6045168555404 0.571825112727256 0.5437222105263025 0.563819849999989 0.6049270799999884 26.740231493402355 8.37007196274197 7.735272841023341 10.634886689637037
93 481.47045717501317 0.5855513563636255 0.5593290631578828 0.58415298749999 0.61158122999999 28.263196557658766 8.681827029397061 8.197315214103465 11.384054314158245
94 640.0900979815582 0.5424526972476876 0.5455502486486372 0.5458238999999914 0.5368904999999872 27.508603464845343 9.42173373732754 7.7419226311092295 10.34494709640857
95 451.39595109044734 0.5584457781818073 0.5489136947368288 0.5599361249999874 0.5663089799999808 25.267903684131678 8.151668406195322 7.206217539608412 9.910017738327952
96 439.9799363825674 0.4992915799086654 0.49117205333333 0.5008036499999985 0.5056939799999922 23.233068774195534 7.509148630226546 6.846163467035994 8.877756676932997
97 463.43034543944276 0.5533625272727091 0.5473349999999944 0.5615079749999957 0.552572319999993 26.045731099560683 8.38122164256429 7.721417089913575 9.94309236708283
98 539.5154321382084 0.5497421236363483 0.5350201578947229 0.5506375499999892 0.563011649999988 25.35500975748469 8.235037634745408 7.499297143791791 9.620674978947491
99 631.684122856428 0.5380346935779573 0.5149795027026914 0.530518949999991 0.5653733399999886 24.77691739312001 7.8533122186079725 7.159168253417061 9.764436921094978
100 453.92505371242765 0.5695884931506682 0.5317232210526187 0.5911976249999878 0.5885097113923942 26.229753515181 7.8906272138199185 8.046747504512341 10.29237879684872
101 470.59511595800524 0.2127608509090871 0.20110158947368512 0.1747158749999999 0.2542731300000013 11.984582860161966 5.027694070116351 4.076725555832283 2.880163234213331
102 92.42824977035075 0.031173885714285424 0.04571810526315786 0.0018680624999999997 0.0421769142857142 2.538623400963218 2.3676359697947755 0.12514534485034773 0.045842086318094305
103 175.7554184539948 0.05808593454545391 0.062221473684210576 0.013132800000000005 0.0901196799999995 3.9218971471037958 2.9584462456621305 0.8071623964825685 0.1562885049590963
104 175.7554184539948 0.05808593454545391 0.062221473684210576 0.013132800000000005 0.0901196799999995 3.9218971471037958 2.9584462456621305 0.8071623964825685 0.1562885049590963
105 175.7554184539948 0.05808593454545391 0.062221473684210576 0.013132800000000005 0.0901196799999995 3.9218971471037958 2.9584462456621305 0.8071623964825685 0.1562885049590963
106 175.7554184539948 0.05808593454545391 0.062221473684210576 0.013132800000000005 0.0901196799999995 3.9218971471037958 2.9584462456621305 0.8071623964825685 0.1562885049590963
107 175.7554184539948 0.05808593454545391 0.062221473684210576 0.013132800000000005 0.0901196799999995 3.9218971471037958 2.9584462456621305 0.8071623964825685 0.1562885049590963
108 175.7554184539948 0.05808593454545391 0.062221473684210576 0.013132800000000005 0.0901196799999995 3.9218971471037958 2.9584462456621305 0.8071623964825685 0.1562885049590963
109 175.7554184539948 0.05808593454545391 0.062221473684210576 0.013132800000000005 0.0901196799999995 3.9218971471037958 2.9584462456621305 0.8071623964825685 0.1562885049590963
110 175.7554184539948 0.05808593454545391 0.062221473684210576 0.013132800000000005 0.0901196799999995 3.9218971471037958 2.9584462456621305 0.8071623964825685 0.1562885049590963
111 175.7554184539948 0.05808593454545391 0.062221473684210576 0.013132800000000005 0.0901196799999995 3.9218971471037958 2.9584462456621305 0.8071623964825685 0.1562885049590963
112 175.7554184539948 0.05808593454545391 0.062221473684210576 0.013132800000000005 0.0901196799999995 3.9218971471037958 2.9584462456621305 0.8071623964825685 0.1562885049590963
113 175.7554184539948 0.05808593454545391 0.062221473684210576 0.013132800000000005 0.0901196799999995 3.9218971471037958 2.9584462456621305 0.8071623964825685 0.1562885049590963
114 175.7554184539948 0.05808593454545391 0.062221473684210576 0.013132800000000005 0.0901196799999995 3.9218971471037958 2.9584462456621305 0.8071623964825685 0.1562885049590963
115 175.7554184539948 0.05808593454545391 0.062221473684210576 0.013132800000000005 0.0901196799999995 3.9218971471037958 2.9584462456621305 0.8071623964825685 0.1562885049590963
116 175.7554184539948 0.05808593454545391 0.062221473684210576 0.013132800000000005 0.0901196799999995 3.9218971471037958 2.9584462456621305 0.8071623964825685 0.1562885049590963
117 175.7554184539948 0.05808593454545391 0.062221473684210576 0.013132800000000005 0.0901196799999995 3.9218971471037958 2.9584462456621305 0.8071623964825685 0.1562885049590963
118 175.7554184539948 0.05808593454545391 0.062221473684210576 0.013132800000000005 0.0901196799999995 3.9218971471037958 2.9584462456621305 0.8071623964825685 0.1562885049590963
119 175.7554184539948 0.05808593454545391 0.062221473684210576 0.013132800000000005 0.0901196799999995 3.9218971471037958 2.9584462456621305 0.8071623964825685 0.1562885049590963
120 175.7554184539948 0.05808593454545391 0.062221473684210576 0.013132800000000005 0.0901196799999995 3.9218971471037958 2.9584462456621305 0.8071623964825685 0.1562885049590963
121 175.7554184539948 0.05808593454545391 0.062221473684210576 0.013132800000000005 0.0901196799999995 3.9218971471037958 2.9584462456621305 0.8071623964825685 0.1562885049590963
122 175.7554184539948 0.05808593454545391 0.062221473684210576 0.013132800000000005 0.0901196799999995 3.9218971471037958 2.9584462456621305 0.8071623964825685 0.1562885049590963
123 175.7554184539948 0.05808593454545391 0.062221473684210576 0.013132800000000005 0.0901196799999995 3.9218971471037958 2.9584462456621305 0.8071623964825685 0.1562885049590963
124 175.7554184539948 0.05808593454545391 0.062221473684210576 0.013132800000000005 0.0901196799999995 3.9218971471037958 2.9584462456621305 0.8071623964825685 0.1562885049590963
125 175.7554184539948 0.05808593454545391 0.062221473684210576 0.013132800000000005 0.0901196799999995 3.9218971471037958 2.9584462456621305 0.8071623964825685 0.1562885049590963
126 175.7554184539948 0.05808593454545391 0.062221473684210576 0.013132800000000005 0.0901196799999995 3.9218971471037958 2.9584462456621305 0.8071623964825685 0.1562885049590963
127 175.7554184539948 0.05808593454545391 0.062221473684210576 0.013132800000000005 0.0901196799999995 3.9218971471037958 2.9584462456621305 0.8071623964825685 0.1562885049590963
128 175.7554184539948 0.05808593454545391 0.062221473684210576 0.013132800000000005 0.0901196799999995 3.9218971471037958 2.9584462456621305 0.8071623964825685 0.1562885049590963
129 175.7554184539948 0.05808593454545391 0.062221473684210576 0.013132800000000005 0.0901196799999995 3.9218971471037958 2.9584462456621305 0.8071623964825685 0.1562885049590963
130 175.7554184539948 0.05808593454545391 0.062221473684210576 0.013132800000000005 0.0901196799999995 3.9218971471037958 2.9584462456621305 0.8071623964825685 0.1562885049590963
131 175.7554184539948 0.05808593454545391 0.062221473684210576 0.013132800000000005 0.0901196799999995 3.9218971471037958 2.9584462456621305 0.8071623964825685 0.1562885049590963
132 175.7554184539948 0.05808593454545391 0.062221473684210576 0.013132800000000005 0.0901196799999995 3.9218971471037958 2.9584462456621305 0.8071623964825685 0.1562885049590963
133 175.7554184539948 0.05808593454545391 0.062221473684210576 0.013132800000000005 0.0901196799999995 3.9218971471037958 2.9584462456621305 0.8071623964825685 0.1562885049590963
134 175.7554184539948 0.05808593454545391 0.062221473684210576 0.013132800000000005 0.0901196799999995 3.9218971471037958 2.9584462456621305 0.8071623964825685 0.1562885049590963
135 175.7554184539948 0.05808593454545391 0.062221473684210576 0.013132800000000005 0.0901196799999995 3.9218971471037958 2.9584462456621305 0.8071623964825685 0.1562885049590963
136 175.7554184539948 0.05808593454545391 0.062221473684210576 0.013132800000000005 0.0901196799999995 3.9218971471037958 2.9584462456621305 0.8071623964825685 0.1562885049590963
137 175.7554184539948 0.05808593454545391 0.062221473684210576 0.013132800000000005 0.0901196799999995 3.9218971471037958 2.9584462456621305 0.8071623964825685 0.1562885049590963
138 175.7554184539948 0.05808593454545391 0.062221473684210576 0.013132800000000005 0.0901196799999995 3.9218971471037958 2.9584462456621305 0.8071623964825685 0.1562885049590963
139 175.7554184539948 0.05808593454545391 0.062221473684210576 0.013132800000000005 0.0901196799999995 3.9218971471037958 2.9584462456621305 0.8071623964825685 0.1562885049590963
140 175.7554184539948 0.05808593454545391 0.062221473684210576 0.013132800000000005 0.0901196799999995 3.9218971471037958 2.9584462456621305 0.8071623964825685 0.1562885049590963
141 175.7554184539948 0.05808593454545391 0.062221473684210576 0.013132800000000005 0.0901196799999995 3.9218971471037958 2.9584462456621305 0.8071623964825685 0.1562885049590963
142 175.7554184539948 0.05808593454545391 0.062221473684210576 0.013132800000000005 0.0901196799999995 3.9218971471037958 2.9584462456621305 0.8071623964825685 0.1562885049590963
143 175.7554184539948 0.05808593454545391 0.062221473684210576 0.013132800000000005 0.0901196799999995 3.9218971471037958 2.9584462456621305 0.8071623964825685 0.1562885049590963
144 175.7554184539948 0.05808593454545391 0.062221473684210576 0.013132800000000005 0.0901196799999995 3.9218971471037958 2.9584462456621305 0.8071623964825685 0.1562885049590963
145 175.7554184539948 0.05808593454545391 0.062221473684210576 0.013132800000000005 0.0901196799999995 3.9218971471037958 2.9584462456621305 0.8071623964825685 0.1562885049590963
146 175.7554184539948 0.05808593454545391 0.062221473684210576 0.013132800000000005 0.0901196799999995 3.9218971471037958 2.9584462456621305 0.8071623964825685 0.1562885049590963
147 175.7554184539948 0.05808593454545391 0.062221473684210576 0.013132800000000005 0.0901196799999995 3.9218971471037958 2.9584462456621305 0.8071623964825685 0.1562885049590963
148 175.7554184539948 0.05808593454545391 0.062221473684210576 0.013132800000000005 0.0901196799999995 3.9218971471037958 2.9584462456621305 0.8071623964825685 0.1562885049590963
149 175.7554184539948 0.05808593454545391 0.062221473684210576 0.013132800000000005 0.0901196799999995 3.9218971471037958 2.9584462456621305 0.8071623964825685 0.1562885049590963
150 175.7554184539948 0.05808593454545391 0.062221473684210576 0.013132800000000005 0.0901196799999995 3.9218971471037958 2.9584462456621305 0.8071623964825685 0.1562885049590963
151 175.7554184539948 0.05808593454545391 0.062221473684210576 0.013132800000000005 0.0901196799999995 3.9218971471037958 2.9584462456621305 0.8071623964825685 0.1562885049590963
152 175.7554184539948 0.05808593454545391 0.062221473684210576 0.013132800000000005 0.0901196799999995 3.9218971471037958 2.9584462456621305 0.8071623964825685 0.1562885049590963
153 175.7554184539948 0.05808593454545391 0.062221473684210576 0.013132800000000005 0.0901196799999995 3.9218971471037958 2.9584462456621305 0.8071623964825685 0.1562885049590963
154 175.7554184539948 0.05808593454545391 0.062221473684210576 0.013132800000000005 0.0901196799999995 3.9218971471037958 2.9584462456621305 0.8071623964825685 0.1562885049590963
155 175.7554184539948 0.05808593454545391 0.062221473684210576 0.013132800000000005 0.0901196799999995 3.9218971471037958 2.9584462456621305 0.8071623964825685 0.1562885049590963
156 175.7554184539948 0.05808593454545391 0.062221473684210576 0.013132800000000005 0.0901196799999995 3.9218971471037958 2.9584462456621305 0.8071623964825685 0.1562885049590963
157 175.7554184539948 0.05808593454545391 0.062221473684210576 0.013132800000000005 0.0901196799999995 3.9218971471037958 2.9584462456621305 0.8071623964825685 0.1562885049590963
158 175.7554184539948 0.05808593454545391 0.062221473684210576 0.013132800000000005 0.0901196799999995 3.9218971471037958 2.9584462456621305 0.8071623964825685 0.1562885049590963
159 175.7554184539948 0.05808593454545391 0.062221473684210576 0.013132800000000005 0.0901196799999995 3.9218971471037958 2.9584462456621305 0.8071623964825685 0.1562885049590963
160 175.7554184539948 0.05808593454545391 0.062221473684210576 0.013132800000000005 0.0901196799999995 3.9218971471037958 2.9584462456621305 0.8071623964825685 0.1562885049590963
161 175.7554184539948 0.05808593454545391 0.062221473684210576 0.013132800000000005 0.0901196799999995 3.9218971471037958 2.9584462456621305 0.8071623964825685 0.1562885049590963
162 175.7554184539948 0.05808593454545391 0.062221473684210576 0.013132800000000005 0.0901196799999995 3.9218971471037958 2.9584462456621305 0.8071623964825685 0.1562885049590963
163 175.7554184539948 0.05808593454545391 0.062221473684210576 0.013132800000000005 0.0901196799999995 3.9218971471037958 2.9584462456621305 0.8071623964825685 0.1562885049590963
164 175.7554184539948 0.05808593454545391 0.062221473684210576 0.013132800000000005 0.0901196799999995 3.9218971471037958 2.9584462456621305 0.8071623964825685 0.1562885049590963
165 175.7554184539948 0.05808593454545391 0.062221473684210576 0.013132800000000005 0.0901196799999995 3.9218971471037958 2.9584462456621305 0.8071623964825685 0.1562885049590963
166 175.7554184539948 0.05808593454545391 0.062221473684210576 0.013132800000000005 0.0901196799999995 3.9218971471037958 2.9584462456621305 0.8071623964825685 0.1562885049590963
167 175.7554184539948 0.05808593454545391 0.062221473684210576 0.013132800000000005 0.0901196799999995 3.9218971471037958 2.9584462456621305 0.8071623964825685 0.1562885049590963
168 175.7554184539948 0.05808593454545391 0.062221473684210576 0.013132800000000005 0.0901196799999995 3.9218971471037958 2.9584462456621305 0.8071623964825685 0.1562885049590963
169 175.7554184539948 0.05808593454545391 0.062221473684210576 0.013132800000000005 0.0901196799999995 3.9218971471037958 2.9584462456621305 0.8071623964825685 0.1562885049590963
170 175.7554184539948 0.05808593454545391 0.062221473684210576 0.013132800000000005 0.0901196799999995 3.9218971471037958 2.9584462456621305 0.8071623964825685 0.1562885049590963
171 175.7554184539948 0.05808593454545391 0.062221473684210576 0.013132800000000005 0.0901196799999995 3.9218971471037958 2.9584462456621305 0.8071623964825685 0.1562885049590963
172 175.7554184539948 0.05808593454545391 0.062221473684210576 0.013132800000000005 0.0901196799999995 3.9218971471037958 2.9584462456621305 0.8071623964825685 0.1562885049590963
173 175.7554184539948 0.05808593454545391 0.062221473684210576 0.013132800000000005 0.0901196799999995 3.9218971471037958 2.9584462456621305 0.8071623964825685 0.1562885049590963
174 175.7554184539948 0.05808593454545391 0.062221473684210576 0.013132800000000005 0.0901196799999995 3.9218971471037958 2.9584462456621305 0.8071623964825685 0.1562885049590963
175 175.7554184539948 0.05808593454545391 0.062221473684210576 0.013132800000000005 0.0901196799999995 3.9218971471037958 2.9584462456621305 0.8071623964825685 0.1562885049590963
176 175.7554184539948 0.05808593454545391 0.062221473684210576 0.013132800000000005 0.0901196799999995 3.9218971471037958 2.9584462456621305 0.8071623964825685 0.1562885049590963
177 175.7554184539948 0.05808593454545391 0.062221473684210576 0.013132800000000005 0.0901196799999995 3.9218971471037958 2.9584462456621305 0.8071623964825685 0.1562885049590963
178 175.7554184539948 0.05808593454545391 0.062221473684210576 0.013132800000000005 0.0901196799999995 3.9218971471037958 2.9584462456621305 0.8071623964825685 0.1562885049590963
179 175.7554184539948 0.05808593454545391 0.062221473684210576 0.013132800000000005 0.0901196799999995 3.9218971471037958 2.9584462456621305 0.8071623964825685 0.1562885049590963
180 175.7554184539948 0.05808593454545391 0.062221473684210576 0.013132800000000005 0.0901196799999995 3.9218971471037958 2.9584462456621305 0.8071623964825685 0.1562885049590963
181 175.7554184539948 0.05808593454545391 0.062221473684210576 0.013132800000000005 0.0901196799999995 3.9218971471037958 2.9584462456621305 0.8071623964825685 0.1562885049590963
182 175.7554184539948 0.05808593454545391 0.062221473684210576 0.013132800000000005 0.0901196799999995 3.9218971471037958 2.9584462456621305 0.8071623964825685 0.1562885049590963
183 175.7554184539948 0.05808593454545391 0.062221473684210576 0.013132800000000005 0.0901196799999995 3.9218971471037958 2.9584462456621305 0.8071623964825685 0.1562885049590963
184 175.7554184539948 0.05808593454545391 0.062221473684210576 0.013132800000000005 0.0901196799999995 3.9218971471037958 2.9584462456621305 0.8071623964825685 0.1562885049590963
185 175.7554184539948 0.05808593454545391 0.062221473684210576 0.013132800000000005 0.0901196799999995 3.9218971471037958 2.9584462456621305 0.8071623964825685 0.1562885049590963
186 175.7554184539948 0.05808593454545391 0.062221473684210576 0.013132800000000005 0.0901196799999995 3.9218971471037958 2.9584462456621305 0.8071623964825685 0.1562885049590963
187 175.7554184539948 0.05808593454545391 0.062221473684210576 0.013132800000000005 0.0901196799999995 3.9218971471037958 2.9584462456621305 0.8071623964825685 0.1562885049590963
188 175.7554184539948 0.05808593454545391 0.062221473684210576 0.013132800000000005 0.0901196799999995 3.9218971471037958 2.9584462456621305 0.8071623964825685 0.1562885049590963
189 175.7554184539948 0.05808593454545391 0.062221473684210576 0.013132800000000005 0.0901196799999995 3.9218971471037958 2.9584462456621305 0.8071623964825685 0.1562885049590963
190 175.7554184539948 0.05808593454545391 0.062221473684210576 0.013132800000000005 0.0901196799999995 3.9218971471037958 2.9584462456621305 0.8071623964825685 0.1562885049590963
191 175.7554184539948 0.05808593454545391 0.062221473684210576 0.013132800000000005 0.0901196799999995 3.9218971471037958 2.9584462456621305 0.8071623964825685 0.1562885049590963
192 175.7554184539948 0.05808593454545391 0.062221473684210576 0.013132800000000005 0.0901196799999995 3.9218971471037958 2.9584462456621305 0.8071623964825685 0.1562885049590963
193 175.7554184539948 0.05808593454545391 0.062221473684210576 0.013132800000000005 0.0901196799999995 3.9218971471037958 2.9584462456621305 0.8071623964825685 0.1562885049590963
194 175.7554184539948 0.05808593454545391 0.062221473684210576 0.013132800000000005 0.0901196799999995 3.9218971471037958 2.9584462456621305 0.8071623964825685 0.1562885049590963
195 175.7554184539948 0.05808593454545391 0.062221473684210576 0.013132800000000005 0.0901196799999995 3.9218971471037958 2.9584462456621305 0.8071623964825685 0.1562885049590963
196 175.7554184539948 0.05808593454545391 0.062221473684210576 0.013132800000000005 0.0901196799999995 3.9218971471037958 2.9584462456621305 0.8071623964825685 0.1562885049590963
197 175.7554184539948 0.05808593454545391 0.062221473684210576 0.013132800000000005 0.0901196799999995 3.9218971471037958 2.9584462456621305 0.8071623964825685 0.1562885049590963
198 175.7554184539948 0.05808593454545391 0.062221473684210576 0.013132800000000005 0.0901196799999995 3.9218971471037958 2.9584462456621305 0.8071623964825685 0.1562885049590963
199 175.7554184539948 0.05808593454545391 0.062221473684210576 0.013132800000000005 0.0901196799999995 3.9218971471037958 2.9584462456621305 0.8071623964825685 0.1562885049590963
200 175.7554184539948 0.05808593454545391 0.062221473684210576 0.013132800000000005 0.0901196799999995 3.9218971471037958 2.9584462456621305 0.8071623964825685 0.1562885049590963
201 175.7554184539948 0.05808593454545391 0.062221473684210576 0.013132800000000005 0.0901196799999995 3.9218971471037958 2.9584462456621305 0.8071623964825685 0.1562885049590963
202 175.7554184539948 0.05808593454545391 0.062221473684210576 0.013132800000000005 0.0901196799999995 3.9218971471037958 2.9584462456621305 0.8071623964825685 0.1562885049590963
203 175.7554184539948 0.05808593454545391 0.062221473684210576 0.013132800000000005 0.0901196799999995 3.9218971471037958 2.9584462456621305 0.8071623964825685 0.1562885049590963
204 175.7554184539948 0.05808593454545391 0.062221473684210576 0.013132800000000005 0.0901196799999995 3.9218971471037958 2.9584462456621305 0.8071623964825685 0.1562885049590963
205 175.7554184539948 0.05808593454545391 0.062221473684210576 0.013132800000000005 0.0901196799999995 3.9218971471037958 2.9584462456621305 0.8071623964825685 0.1562885049590963
206 175.7554184539948 0.05808593454545391 0.062221473684210576 0.013132800000000005 0.0901196799999995 3.9218971471037958 2.9584462456621305 0.8071623964825685 0.1562885049590963
207 175.7554184539948 0.05808593454545391 0.062221473684210576 0.013132800000000005 0.0901196799999995 3.9218971471037958 2.9584462456621305 0.8071623964825685 0.1562885049590963
208 175.7554184539948 0.05808593454545391 0.062221473684210576 0.013132800000000005 0.0901196799999995 3.9218971471037958 2.9584462456621305 0.8071623964825685 0.1562885049590963
209 175.7554184539948 0.05808593454545391 0.062221473684210576 0.013132800000000005 0.0901196799999995 3.9218971471037958 2.9584462456621305 0.8071623964825685 0.1562885049590963
210 175.7554184539948 0.05808593454545391 0.062221473684210576 0.013132800000000005 0.0901196799999995 3.9218971471037958 2.9584462456621305 0.8071623964825685 0.1562885049590963
211 175.7554184539948 0.05808593454545391 0.062221473684210576 0.013132800000000005 0.0901196799999995 3.9218971471037958 2.9584462456621305 0.8071623964825685 0.1562885049590963
212 175.7554184539948 0.05808593454545391 0.062221473684210576 0.013132800000000005 0.0901196799999995 3.9218971471037958 2.9584462456621305 0.8071623964825685 0.1562885049590963
213 175.7554184539948 0.05808593454545391 0.062221473684210576 0.013132800000000005 0.0901196799999995 3.9218971471037958 2.9584462456621305 0.8071623964825685 0.1562885049590963
214 175.7554184539948 0.05808593454545391 0.062221473684210576 0.013132800000000005 0.0901196799999995 3.9218971471037958 2.9584462456621305 0.8071623964825685 0.1562885049590963
215 175.7554184539948 0.05808593454545391 0.062221473684210576 0.013132800000000005 0.0901196799999995 3.9218971471037958 2.9584462456621305 0.8071623964825685 0.1562885049590963
216 175.7554184539948 0.05808593454545391 0.062221473684210576 0.013132800000000005 0.0901196799999995 3.9218971471037958 2.9584462456621305 0.8071623964825685 0.1562885049590963
217 175.7554184539948 0.05808593454545391 0.062221473684210576 0.013132800000000005 0.0901196799999995 3.9218971471037958 2.9584462456621305 0.8071623964825685 0.1562885049590963
218 175.7554184539948 0.05808593454545391 0.062221473684210576 0.013132800000000005 0.0901196799999995 3.9218971471037958 2.9584462456621305 0.8071623964825685 0.1562885049590963
219 175.7554184539948 0.05808593454545391 0.062221473684210576 0.013132800000000005 0.0901196799999995 3.9218971471037958 2.9584462456621305 0.8071623964825685 0.1562885049590963
220 175.7554184539948 0.05808593454545391 0.062221473684210576 0.013132800000000005 0.0901196799999995 3.9218971471037958 2.9584462456621305 0.8071623964825685 0.1562885049590963
221 175.7554184539948 0.05808593454545391 0.062221473684210576 0.013132800000000005 0.0901196799999995 3.9218971471037958 2.9584462456621305 0.8071623964825685 0.1562885049590963
222 175.7554184539948 0.05808593454545391 0.062221473684210576 0.013132800000000005 0.0901196799999995 3.9218971471037958 2.9584462456621305 0.8071623964825685 0.1562885049590963
223 175.7554184539948 0.05808593454545391 0.062221473684210576 0.013132800000000005 0.0901196799999995 3.9218971471037958 2.9584462456621305 0.8071623964825685 0.1562885049590963
224 175.7554184539948 0.05808593454545391 0.062221473684210576 0.013132800000000005 0.0901196799999995 3.9218971471037958 2.9584462456621305 0.8071623964825685 0.1562885049590963
225 175.7554184539948 0.05808593454545391 0.062221473684210576 0.013132800000000005 0.0901196799999995 3.9218971471037958 2.9584462456621305 0.8071623964825685 0.1562885049590963
226 175.7554184539948 0.05808593454545391 0.062221473684210576 0.013132800000000005 0.0901196799999995 3.9218971471037958 2.9584462456621305 0.8071623964825685 0.1562885049590963
227 175.7554184539948 0.05808593454545391 0.062221473684210576 0.013132800000000005 0.0901196799999995 3.9218971471037958 2.9584462456621305 0.8071623964825685 0.1562885049590963
228 175.7554184539948 0.05808593454545391 0.062221473684210576 0.013132800000000005 0.0901196799999995 3.9218971471037958 2.9584462456621305 0.8071623964825685 0.1562885049590963
229 175.7554184539948 0.05808593454545391 0.062221473684210576 0.013132800000000005 0.0901196799999995 3.9218971471037958 2.9584462456621305 0.8071623964825685 0.1562885049590963
230 175.7554184539948 0.05808593454545391 0.062221473684210576 0.013132800000000005 0.0901196799999995 3.9218971471037958 2.9584462456621305 0.8071623964825685 0.1562885049590963
231 175.7554184539948 0.05808593454545391 0.062221473684210576 0.013132800000000005 0.0901196799999995 3.9218971471037958 2.9584462456621305 0.8071623964825685 0.1562885049590963
232 175.7554184539948 0.05808593454545391 0.062221473684210576 0.013132800000000005 0.0901196799999995 3.9218971471037958 2.9584462456621305 0.8071623964825685 0.1562885049590963
233 175.7554184539948 0.05808593454545391 0.062221473684210576 0.013132800000000005 0.0901196799999995 3.9218971471037958 2.9584462456621305 0.8071623964825685 0.1562885049590963
234 175.7554184539948 0.05808593454545391 0.062221473684210576 0.013132800000000005 0.0901196799999995 3.9218971471037958 2.9584462456621305 0.8071623964825685 0.1562885049590963
235 175.7554184539948 0.05808593454545391 0.062221473684210576 0.013132800000000005 0.0901196799999995 3.9218971471037958 2.9584462456621305 0.8071623964825685 0.1562885049590963
236 175.7554184539948 0.05808593454545391 0.062221473684210576 0.013132800000000005 0.0901196799999995 3.9218971471037958 2.9584462456621305 0.8071623964825685 0.1562885049590963
237 175.7554184539948 0.05808593454545391 0.062221473684210576 0.013132800000000005 0.0901196799999995 3.9218971471037958 2.9584462456621305 0.8071623964825685 0.1562885049590963
238 175.7554184539948 0.05808593454545391 0.062221473684210576 0.013132800000000005 0.0901196799999995 3.9218971471037958 2.9584462456621305 0.8071623964825685 0.1562885049590963
239 175.7554184539948 0.05808593454545391 0.062221473684210576 0.013132800000000005 0.0901196799999995 3.9218971471037958 2.9584462456621305 0.8071623964825685 0.1562885049590963
240 175.7554184539948 0.05808593454545391 0.062221473684210576 0.013132800000000005 0.0901196799999995 3.9218971471037958 2.9584462456621305 0.8071623964825685 0.1562885049590963
241 175.7554184539948 0.05808593454545391 0.062221473684210576 0.013132800000000005 0.0901196799999995 3.9218971471037958 2.9584462456621305 0.8071623964825685 0.1562885049590963
242 175.7554184539948 0.05808593454545391 0.062221473684210576 0.013132800000000005 0.0901196799999995 3.9218971471037958 2.9584462456621305 0.8071623964825685 0.1562885049590963
243 175.7554184539948 0.05808593454545391 0.062221473684210576 0.013132800000000005 0.0901196799999995 3.9218971471037958 2.9584462456621305 0.8071623964825685 0.1562885049590963
244 175.7554184539948 0.05808593454545391 0.062221473684210576 0.013132800000000005 0.0901196799999995 3.9218971471037958 2.9584462456621305 0.8071623964825685 0.1562885049590963
245 175.7554184539948 0.05808593454545391 0.062221473684210576 0.013132800000000005 0.0901196799999995 3.9218971471037958 2.9584462456621305 0.8071623964825685 0.1562885049590963
246 175.7554184539948 0.05808593454545391 0.062221473684210576 0.013132800000000005 0.0901196799999995 3.9218971471037958 2.9584462456621305 0.8071623964825685 0.1562885049590963
247 175.7554184539948 0.05808593454545391 0.062221473684210576 0.013132800000000005 0.0901196799999995 3.9218971471037958 2.9584462456621305 0.8071623964825685 0.1562885049590963
248 175.7554184539948 0.05808593454545391 0.062221473684210576 0.013132800000000005 0.0901196799999995 3.9218971471037958 2.9584462456621305 0.8071623964825685 0.1562885049590963
249 175.7554184539948 0.05808593454545391 0.062221473684210576 0.013132800000000005 0.0901196799999995 3.9218971471037958 2.9584462456621305 0.8071623964825685 0.1562885049590963
250 175.7554184539948 0.05808593454545391 0.062221473684210576 0.013132800000000005 0.0901196799999995 3.9218971471037958 2.9584462456621305 0.8071623964825685 0.1562885049590963
251 175.7554184539948 0.05808593454545391 0.062221473684210576 0.013132800000000005 0.0901196799999995 3.9218971471037958 2.9584462456621305 0.8071623964825685 0.1562885049590963
252 175.7554184539948 0.05808593454545391 0.062221473684210576 0.013132800000000005 0.0901196799999995 3.9218971471037958 2.9584462456621305 0.8071623964825685 0.1562885049590963
253 175.7554184539948 0.05808593454545391 0.062221473684210576 0.013132800000000005 0.0901196799999995 3.9218971471037958 2.9584462456621305 0.8071623964825685 0.1562885049590963
254 175.7554184539948 0.05808593454545391 0.062221473684210576 0.013132800000000005 0.0901196799999995 3.9218971471037958 2.9584462456621305 0.8071623964825685 0.1562885049590963
255 175.7554184539948 0.05808593454545391 0.062221473684210576 0.013132800000000005 0.0901196799999995 3.9218971471037958 2.9584462456621305 0.8071623964825685 0.1562885049590963
256 175.7554184539948 0.05808593454545391 0.062221473684210576 0.013132800000000005 0.0901196799999995 3.9218971471037958 2.9584462456621305 0.8071623964825685 0.1562885049590963
257 175.7554184539948 0.05808593454545391 0.062221473684210576 0.013132800000000005 0.0901196799999995 3.9218971471037958 2.9584462456621305 0.8071623964825685 0.1562885049590963
258 175.7554184539948 0.05808593454545391 0.062221473684210576 0.013132800000000005 0.0901196799999995 3.9218971471037958 2.9584462456621305 0.8071623964825685 0.1562885049590963
259 175.7554184539948 0.05808593454545391 0.062221473684210576 0.013132800000000005 0.0901196799999995 3.9218971471037958 2.9584462456621305 0.8071623964825685 0.1562885049590963
260 175.7554184539948 0.05808593454545391 0.062221473684210576 0.013132800000000005 0.0901196799999995 3.9218971471037958 2.9584462456621305 0.8071623964825685 0.1562885049590963
261 175.7554184539948 0.05808593454545391 0.062221473684210576 0.013132800000000005 0.0901196799999995 3.9218971471037958 2.9584462456621305 0.8071623964825685 0.1562885049590963
262 175.7554184539948 0.05808593454545391 0.062221473684210576 0.013132800000000005 0.0901196799999995 3.9218971471037958 2.9584462456621305 0.8071623964825685 0.1562885049590963
263 175.7554184539948 0.05808593454545391 0.062221473684210576 0.013132800000000005 0.0901196799999995 3.9218971471037958 2.9584462456621305 0.8071623964825685 0.1562885049590963
264 175.7554184539948 0.05808593454545391 0.062221473684210576 0.013132800000000005 0.0901196799999995 3.9218971471037958 2.9584462456621305 0.8071623964825685 0.1562885049590963
265 175.7554184539948 0.05808593454545391 0.062221473684210576 0.013132800000000005 0.0901196799999995 3.9218971471037958 2.9584462456621305 0.8071623964825685 0.1562885049590963
266 175.7554184539948 0.05808593454545391 0.062221473684210576 0.013132800000000005 0.0901196799999995 3.9218971471037958 2.9584462456621305 0.8071623964825685 0.1562885049590963
267 175.7554184539948 0.05808593454545391 0.062221473684210576 0.013132800000000005 0.0901196799999995 3.9218971471037958 2.9584462456621305 0.8071623964825685 0.1562885049590963
268 175.7554184539948 0.05808593454545391 0.062221473684210576 0.013132800000000005 0.0901196799999995 3.9218971471037958 2.9584462456621305 0.8071623964825685 0.1562885049590963
269 175.7554184539948 0.05808593454545391 0.062221473684210576 0.013132800000000005 0.0901196799999995 3.9218971471037958 2.9584462456621305 0.8071623964825685 0.1562885049590963
270 175.7554184539948 0.05808593454545391 0.062221473684210576 0.013132800000000005 0.0901196799999995 3.9218971471037958 2.9584462456621305 0.8071623964825685 0.1562885049590963
271 175.7554184539948 0.05808593454545391 0.062221473684210576 0.013132800000000005 0.0901196799999995 3.9218971471037958 2.9584462456621305 0.8071623964825685 0.1562885049590963
272 175.7554184539948 0.05808593454545391 0.062221473684210576 0.013132800000000005 0.0901196799999995 3.9218971471037958 2.9584462456621305 0.8071623964825685 0.1562885049590963
273 175.7554184539948 0.05808593454545391 0.062221473684210576 0.013132800000000005 0.0901196799999995 3.9218971471037958 2.9584462456621305 0.8071623964825685 0.1562885049590963
274 175.7554184539948 0.05808593454545391 0.062221473684210576 0.013132800000000005 0.0901196799999995 3.9218971471037958 2.9584462456621305 0.8071623964825685 0.1562885049590963
275 175.7554184539948 0.05808593454545391 0.062221473684210576 0.013132800000000005 0.0901196799999995 3.9218971471037958 2.9584462456621305 0.8071623964825685 0.1562885049590963
276 175.7554184539948 0.05808593454545391 0.062221473684210576 0.013132800000000005 0.0901196799999995 3.9218971471037958 2.9584462456621305 0.8071623964825685 0.1562885049590963
277 175.7554184539948 0.05808593454545391 0.062221473684210576 0.013132800000000005 0.0901196799999995 3.9218971471037958 2.9584462456621305 0.8071623964825685 0.1562885049590963
278 175.7554184539948 0.05808593454545391 0.062221473684210576 0.013132800000000005 0.0901196799999995 3.9218971471037958 2.9584462456621305 0.8071623964825685 0.1562885049590963
279 175.7554184539948 0.05808593454545391 0.062221473684210576 0.013132800000000005 0.0901196799999995 3.9218971471037958 2.9584462456621305 0.8071623964825685 0.1562885049590963
280 175.7554184539948 0.05808593454545391 0.062221473684210576 0.013132800000000005 0.0901196799999995 3.9218971471037958 2.9584462456621305 0.8071623964825685 0.1562885049590963
281 175.7554184539948 0.05808593454545391 0.062221473684210576 0.013132800000000005 0.0901196799999995 3.9218971471037958 2.9584462456621305 0.8071623964825685 0.1562885049590963
282 175.7554184539948 0.05808593454545391 0.062221473684210576 0.013132800000000005 0.0901196799999995 3.9218971471037958 2.9584462456621305 0.8071623964825685 0.1562885049590963
283 175.7554184539948 0.05808593454545391 0.062221473684210576 0.013132800000000005 0.0901196799999995 3.9218971471037958 2.9584462456621305 0.8071623964825685 0.1562885049590963
284 175.7554184539948 0.05808593454545391 0.062221473684210576 0.013132800000000005 0.0901196799999995 3.9218971471037958 2.9584462456621305 0.8071623964825685 0.1562885049590963
285 175.7554184539948 0.05808593454545391 0.062221473684210576 0.013132800000000005 0.0901196799999995 3.9218971471037958 2.9584462456621305 0.8071623964825685 0.1562885049590963
286 175.7554184539948 0.05808593454545391 0.062221473684210576 0.013132800000000005 0.0901196799999995 3.9218971471037958 2.9584462456621305 0.8071623964825685 0.1562885049590963
287 175.7554184539948 0.05808593454545391 0.062221473684210576 0.013132800000000005 0.0901196799999995 3.9218971471037958 2.9584462456621305 0.8071623964825685 0.1562885049590963
288 175.7554184539948 0.05808593454545391 0.062221473684210576 0.013132800000000005 0.0901196799999995 3.9218971471037958 2.9584462456621305 0.8071623964825685 0.1562885049590963
289 175.7554184539948 0.05808593454545391 0.062221473684210576 0.013132800000000005 0.0901196799999995 3.9218971471037958 2.9584462456621305 0.8071623964825685 0.1562885049590963
290 175.7554184539948 0.05808593454545391 0.062221473684210576 0.013132800000000005 0.0901196799999995 3.9218971471037958 2.9584462456621305 0.8071623964825685 0.1562885049590963
291 175.7554184539948 0.05808593454545391 0.062221473684210576 0.013132800000000005 0.0901196799999995 3.9218971471037958 2.9584462456621305 0.8071623964825685 0.1562885049590963
