1 114.95511779709227 0.22982351515151647 0.25159171929824586 0.27845583333333324 0.1702378666666664 0.0 0.0 0.0 0.0
2 110.2565876913875 0.2016748606060624 0.22252449122806978 0.24512833333333287 0.14710493333333313 0 0 0 0
3 107.27943773425535 0.21542652121212227 0.24419663157894803 0.26480183333333346 0.14859466666666638 0 0 0 0
4 85.79654346046296 0.12895112727272745 0.14903957894736836 0.15634516666666662 0.08795186666666666 0 0 0 0
5 89.72909717885379 0.2239787636363656 0.24188196491228067 0.2739423333333329 0.16699986666666627 0 0 0 0
6 136.15689835240266 0.2932318545454576 0.3111677192982471 0.3499620000000016 0.23080866666666652 0 0 0 0
7 99.19654756406828 0.2107088000000007 0.23373670175438582 0.2598173333333331 0.14954546666666635 0 0 0 0
8 125.43357301695981 0.24480480000000068 0.2593774035087724 0.291803666666667 0.19336173333333329 0 0 0 0
9 104.31987596711254 0.21210569696969842 0.23310442105263215 0.25954166666666695 0.15420813333333305 0 0 0 0
10 115.29602349050121 0.25669953939394 0.27947157894736896 0.31477933333333363 0.18860226666666657 0 0 0 0
11 82.27892019422325 0.16800974545454633 0.1864712982456139 0.20851266666666649 0.1180689333333331 0 0 0 0
12 142.43674782608684 0.38483466666665933 0.4027416140350916 0.4585120000000039 0.3088812000000018 0 0 0 0
13 115.1562761594203 0.2687842909090916 0.28610273684210574 0.3236138333333336 0.20846813333333294 0 0 0 0
14 66.37672281905566 0.15398521212121305 0.1730429473684209 0.18804133333333306 0.10863546666666646 0 0 0 0
15 132.52084827587333 0.32364232727272313 0.33980743859649387 0.3825230000000025 0.2611809333333344 0 0 0 0
16 100.21244370019627 0.20860111515151625 0.22763901754385982 0.2598458333333334 0.14951933333333312 0 0 0 0
17 93.4730074388802 0.17363151515151504 0.19266638596491245 0.21686566666666635 0.12096106666666664 0 0 0 0
18 110.0719301785713 0.25187587878788026 0.27396182456140383 0.3056388333333337 0.1878838666666664 0 0 0 0
19 153.35147792385956 0.32629808484848444 0.3445995789473704 0.39410633333333567 0.2546650666666674 0 0 0 0
20 123.1324860153959 0.28620829090909194 0.33000589473684233 0.3327036666666663 0.2074042666666666 0 0 0 0
21 115.44898327830178 0.3010971636363614 0.32136308771930017 0.3560770000000018 0.23786066666666722 0 0 0 0
22 85.4264988759137 0.18491364848484912 0.2088905263157895 0.22591266666666626 0.12933639999999985 0 0 0 0
23 90.1114365593158 0.20810632727272865 0.2229541052631585 0.25028416666666703 0.16025866666666647 0 0 0 0
24 90.03836147396383 0.19824615757575947 0.21809445614035144 0.23842250000000006 0.14724919999999966 0 0 0 0
25 70.48357458860926 0.16822482424242474 0.18811705263157866 0.21172949999999952 0.11452346666666646 0 0 0 0
26 105.99145097025618 0.2772159030303055 0.2939121403508778 0.3348386666666674 0.21525626666666653 0 0 0 0
27 75.03864391891892 0.1774836363636381 0.19908477192982432 0.21744849999999938 0.12499066666666636 0 0 0 0
28 113.59499061946899 0.21064853333333494 0.23075536842105226 0.2565481666666663 0.15482733333333315 0 0 0 0
29 118.02612219679628 0.2593160242424261 0.27298428070175507 0.3115451666666677 0.20454786666666663 0 0 0 0
30 113.45629608691273 0.2618113939393949 0.28171536842105344 0.3207005000000009 0.19579133333333354 0 0 0 0
31 111.76644437290956 0.24747592727273027 0.264350315789475 0.29977316666666787 0.18960746666666678 0 0 0 0
32 129.51801676620332 0.3030888242424212 0.32258287719298434 0.3631096666666682 0.2365528000000008 0 0 0 0
33 160.35608124999982 0.36759044848484274 0.39297178947368655 0.43533550000000226 0.2892821333333343 0 0 0 0
34 536.7967305335036 0.32202889696969955 0.23232392982456188 0.26275383333333413 0.45466866666666633 0 0 0 0
35 750.5740875000008 0.6494661333333013 0.645736842105274 0.5859100000000093 0.7038538666666724 0 0 0 0
36 398.3280437500018 0.564176096969669 0.6738583859649236 0.6107140000000091 0.4227476000000059 0 0 0 0
37 459.4019086538497 0.6020048484848172 0.5796634385965003 0.5870610000000085 0.6351842666666764 0 0 0 0
38 538.973900000006 0.6320884363635956 0.6427323508772088 0.6061651666666793 0.6427153333333456 0 0 0 0
39 518.6774407094647 0.5924655515151157 0.5244781754386075 0.6068711666666792 0.6455290666666789 0 0 0 0
40 705.5609937500012 0.6497337696969355 0.6260929122807168 0.5934740000000126 0.7172004000000076 0 0 0 0
41 747.9067562500001 0.6520397575757302 0.6429445614035195 0.5868136666666743 0.7128610666666715 0 0 0 0
42 734.7851875000101 0.6337740606060227 0.6510756491228192 0.597465666666678 0.6463842666666783 0 0 0 0
43 1170.7542750000105 0.6331967999999564 0.6400606315789646 0.5997053333333465 0.6534693333333459 0 0 0 0
44 675.7002937500142 0.5494810666666301 0.6492016842105426 0.5960738333333455 0.41747226666667436 0 0 0 0
45 920.4762750000069 0.6535371636363414 0.6582896842105358 0.5920533333333396 0.6982093333333373 0 0 0 0
46 822.039400000002 0.6564532363636139 0.658406175438604 0.587870333333339 0.7094642666666705 0 0 0 0
47 337.4398687500011 0.5481880727272463 0.6568835087719392 0.5890540000000076 0.4122346666666718 0 0 0 0
48 520.8786687500044 0.5375395393939091 0.6315741754386092 0.5798655000000102 0.41434586666667256 0 0 0 0
49 205.64552499999945 0.4865151999999743 0.5659149473684334 0.5400373333333431 0.3682677333333387 0 0 0 0
50 315.89802389867845 0.24062749090909175 0.24414301754385984 0.2744890000000002 0.21019853333333313 0 0 0 0
51 373.9994988986785 0.14163107878787862 0.07865599999999986 0.0806496666666666 0.2502425333333334 0 0 0 0
52 525.6031738986786 0.564726157575741 0.49432098245614653 0.5654753333333405 0.6310117333333378 0 0 0 0
53 386.8171176486784 0.21469784242424392 0.15681192982456077 0.17031749999999932 0.305193733333333 0 0 0 0
54 276.63474598988466 0.10824819393939415 0.0839880701754386 0.053649999999999996 0.17497386666666678 0 0 0 0
55 650.7830551486779 0.6145310545454243 0.517004350877204 0.6047751666666793 0.714986133333341 0 0 0 0
56 170.4612988986782 0.5069679030302734 0.512860912280713 0.5983008333333459 0.4283032000000081 0 0 0 0
57 742.5705426486786 0.619718399999971 0.530638596491238 0.6077955000000114 0.7138825333333405 0 0 0 0
58 665.1783750000009 0.6214455757575558 0.6464242807017615 0.5862663333333393 0.6258592000000038 0 0 0 0
59 646.7999812499995 0.6155246060605847 0.625482666666673 0.5845888333333389 0.6308130666666701 0 0 0 0
60 644.867050000007 0.6200110545454222 0.639701052631588 0.5851031666666753 0.6292318666666765 0 0 0 0
61 599.4342875000063 0.6182807757575406 0.6345211228070299 0.5920925000000101 0.6238030666666774 0 0 0 0
62 566.4491250000057 0.6125992727272386 0.6155772631579054 0.590492500000009 0.6274556000000101 0 0 0 0
63 1046.7071062500042 0.5254551757575714 0.5423320701754443 0.5005223333333357 0.5293684000000003 0 0 0 0
64 1076.714843750002 0.46127025454545645 0.48472982456140373 0.42767349999999926 0.4658610666666669 0 0 0 0
65 1084.571587499999 0.4924408242424181 0.4765032982456157 0.41903866666666845 0.5663032000000018 0 0 0 0
66 638.7413394987307 0.6352280242423946 0.5513150877193086 0.6174018333333452 0.7292062666666742 0 0 0 0
67 582.171498225982 0.5749869575757329 0.5036974035087806 0.5895991666666767 0.631022266666673 0 0 0 0
68 496.8574732259824 0.5778692363636123 0.5036289122807107 0.5955211666666769 0.6342760000000063 0 0 0 0
69 493.75377947598247 0.5689660606060347 0.5040964210526406 0.5911776666666773 0.6128229333333397 0 0 0 0
70 623.7223544759819 0.600454690909063 0.5167354385965004 0.600533833333344 0.6799246666666738 0 0 0 0
71 712.4695982259844 0.587716945454515 0.5340867368421157 0.6257096666666789 0.608271466666675 0 0 0 0
72 856.7940669759846 0.6260660363636059 0.5326164210526423 0.6230945000000128 0.7172204000000082 0 0 0 0
73 949.0761875000081 0.6677345454545061 0.6663221052631739 0.6399471666666782 0.6913062666666765 0 0 0 0
74 796.9206711517497 0.6170959515151202 0.5203970526315899 0.6121353333333461 0.7129284000000077 0 0 0 0
75 724.5199562500101 0.6259487515151217 0.6584798596491318 0.5896195000000067 0.624107600000009 0 0 0 0
76 517.2322312499998 0.597928048484828 0.651685894736849 0.5856660000000055 0.5566677333333367 0 0 0 0
77 385.10522500000013 0.26552334545454626 0.3434353684210532 0.20904000000000075 0.23669360000000078 0 0 0 0
78 524.6272125000017 0.15088960000000104 0.22125108771929908 0.08026049999999992 0.14054946666666684 0 0 0 0
79 569.9261375000025 0.1605637333333344 0.22663691228070293 0.08365283333333323 0.15932293333333328 0 0 0 0
80 582.8737187500017 0.15733944242424322 0.22308463157894845 0.07898266666666656 0.15756693333333346 0 0 0 0
81 1114.4730250000216 0.5130095515151286 0.5656296140351007 0.4834521666666751 0.48666640000000383 0 0 0 0
82 1191.208697907515 0.5594161454545149 0.5094983859649233 0.5970198333333459 0.5767550666666738 0 0 0 0
83 1566.569431250006 0.6487618909090537 0.6606210526315963 0.5979281666666794 0.6781626666666745 0 0 0 0
84 1567.369368750006 0.6472098909090553 0.6595250526315958 0.5961626666666787 0.6763482666666741 0 0 0 0
85 1562.6866750000065 0.6460514424242064 0.6599893333333501 0.5957141666666785 0.673080266666674 0 0 0 0
86 1562.6866750000065 0.6460514424242064 0.6599893333333501 0.5957141666666785 0.673080266666674 0 0 0 0
87 1562.6866750000065 0.6460514424242064 0.6599893333333501 0.5957141666666785 0.673080266666674 0 0 0 0
88 1190.825960407514 0.557724606060577 0.5088272280701859 0.5948403333333452 0.5744845333333398 0 0 0 0
89 1190.825960407514 0.557724606060577 0.5088272280701859 0.5948403333333452 0.5744845333333398 0 0 0 0
90 1190.825960407514 0.557724606060577 0.5088272280701859 0.5948403333333452 0.5744845333333398 0 0 0 0
91 1561.6866750000067 0.6460514424242064 0.6599893333333501 0.5957141666666785 0.673080266666674 0 0 0 0
92 1190.825960407514 0.557724606060577 0.5088272280701859 0.5948403333333452 0.5744845333333398 0 0 0 0
93 1190.825960407514 0.557724606060577 0.5088272280701859 0.5948403333333452 0.5744845333333398 0 0 0 0
94 1190.825960407514 0.557724606060577 0.5088272280701859 0.5948403333333452 0.5744845333333398 0 0 0 0
95 1190.825960407514 0.557724606060577 0.5088272280701859 0.5948403333333452 0.5744845333333398 0 0 0 0
96 1562.6866750000065 0.6460514424242064 0.6599893333333501 0.5957141666666785 0.673080266666674 0 0 0 0
97 1562.6866750000065 0.6460514424242064 0.6599893333333501 0.5957141666666785 0.673080266666674 0 0 0 0
98 1190.825960407514 0.557724606060577 0.5088272280701859 0.5948403333333452 0.5744845333333398 0 0 0 0
99 1190.825960407514 0.557724606060577 0.5088272280701859 0.5948403333333452 0.5744845333333398 0 0 0 0
100 1562.6866750000065 0.6460514424242064 0.6599893333333501 0.5957141666666785 0.673080266666674 0 0 0 0
101 1562.6866750000065 0.6460514424242064 0.6599893333333501 0.5957141666666785 0.673080266666674 0 0 0 0
102 1562.6866750000065 0.6460514424242064 0.6599893333333501 0.5957141666666785 0.673080266666674 0 0 0 0
103 1562.6866750000065 0.6460514424242064 0.6599893333333501 0.5957141666666785 0.673080266666674 0 0 0 0
104 1562.6866750000065 0.6460514424242064 0.6599893333333501 0.5957141666666785 0.673080266666674 0 0 0 0
105 1562.6866750000065 0.6460514424242064 0.6599893333333501 0.5957141666666785 0.673080266666674 0 0 0 0
106 1562.6866750000065 0.6460514424242064 0.6599893333333501 0.5957141666666785 0.673080266666674 0 0 0 0
107 1562.6866750000065 0.6460514424242064 0.6599893333333501 0.5957141666666785 0.673080266666674 0 0 0 0
108 1562.6866750000065 0.6460514424242064 0.6599893333333501 0.5957141666666785 0.673080266666674 0 0 0 0
109 1562.6866750000065 0.6460514424242064 0.6599893333333501 0.5957141666666785 0.673080266666674 0 0 0 0
110 1562.6866750000065 0.6460514424242064 0.6599893333333501 0.5957141666666785 0.673080266666674 0 0 0 0
111 1562.6866750000065 0.6460514424242064 0.6599893333333501 0.5957141666666785 0.673080266666674 0 0 0 0
112 1562.6866750000065 0.6460514424242064 0.6599893333333501 0.5957141666666785 0.673080266666674 0 0 0 0
113 1562.6866750000065 0.6460514424242064 0.6599893333333501 0.5957141666666785 0.673080266666674 0 0 0 0
114 1562.6866750000065 0.6460514424242064 0.6599893333333501 0.5957141666666785 0.673080266666674 0 0 0 0
115 1562.6866750000065 0.6460514424242064 0.6599893333333501 0.5957141666666785 0.673080266666674 0 0 0 0
116 1562.6866750000065 0.6460514424242064 0.6599893333333501 0.5957141666666785 0.673080266666674 0 0 0 0
117 1562.6866750000065 0.6460514424242064 0.6599893333333501 0.5957141666666785 0.673080266666674 0 0 0 0
118 1562.6866750000065 0.6460514424242064 0.6599893333333501 0.5957141666666785 0.673080266666674 0 0 0 0
119 1562.6866750000065 0.6460514424242064 0.6599893333333501 0.5957141666666785 0.673080266666674 0 0 0 0
120 1562.6866750000065 0.6460514424242064 0.6599893333333501 0.5957141666666785 0.673080266666674 0 0 0 0
121 1562.6866750000065 0.6460514424242064 0.6599893333333501 0.5957141666666785 0.673080266666674 0 0 0 0
122 1562.6866750000065 0.6460514424242064 0.6599893333333501 0.5957141666666785 0.673080266666674 0 0 0 0
123 1562.6866750000065 0.6460514424242064 0.6599893333333501 0.5957141666666785 0.673080266666674 0 0 0 0
124 1562.6866750000065 0.6460514424242064 0.6599893333333501 0.5957141666666785 0.673080266666674 0 0 0 0
125 1562.6866750000065 0.6460514424242064 0.6599893333333501 0.5957141666666785 0.673080266666674 0 0 0 0
126 1562.6866750000065 0.6460514424242064 0.6599893333333501 0.5957141666666785 0.673080266666674 0 0 0 0
127 1562.6866750000065 0.6460514424242064 0.6599893333333501 0.5957141666666785 0.673080266666674 0 0 0 0
128 1562.6866750000065 0.6460514424242064 0.6599893333333501 0.5957141666666785 0.673080266666674 0 0 0 0
129 1562.6866750000065 0.6460514424242064 0.6599893333333501 0.5957141666666785 0.673080266666674 0 0 0 0
130 1562.6866750000065 0.6460514424242064 0.6599893333333501 0.5957141666666785 0.673080266666674 0 0 0 0
131 1562.6866750000065 0.6460514424242064 0.6599893333333501 0.5957141666666785 0.673080266666674 0 0 0 0
132 1562.6866750000065 0.6460514424242064 0.6599893333333501 0.5957141666666785 0.673080266666674 0 0 0 0
133 1562.6866750000065 0.6460514424242064 0.6599893333333501 0.5957141666666785 0.673080266666674 0 0 0 0
134 1562.6866750000065 0.6460514424242064 0.6599893333333501 0.5957141666666785 0.673080266666674 0 0 0 0
135 1562.6866750000065 0.6460514424242064 0.6599893333333501 0.5957141666666785 0.673080266666674 0 0 0 0
136 1562.6866750000065 0.6460514424242064 0.6599893333333501 0.5957141666666785 0.673080266666674 0 0 0 0
137 1562.6866750000065 0.6460514424242064 0.6599893333333501 0.5957141666666785 0.673080266666674 0 0 0 0
138 1562.6866750000065 0.6460514424242064 0.6599893333333501 0.5957141666666785 0.673080266666674 0 0 0 0
139 1562.6866750000065 0.6460514424242064 0.6599893333333501 0.5957141666666785 0.673080266666674 0 0 0 0
140 1562.6866750000065 0.6460514424242064 0.6599893333333501 0.5957141666666785 0.673080266666674 0 0 0 0
141 1562.6866750000065 0.6460514424242064 0.6599893333333501 0.5957141666666785 0.673080266666674 0 0 0 0
142 1562.6866750000065 0.6460514424242064 0.6599893333333501 0.5957141666666785 0.673080266666674 0 0 0 0
143 1562.6866750000065 0.6460514424242064 0.6599893333333501 0.5957141666666785 0.673080266666674 0 0 0 0
144 1562.6866750000065 0.6460514424242064 0.6599893333333501 0.5957141666666785 0.673080266666674 0 0 0 0
145 1562.6866750000065 0.6460514424242064 0.6599893333333501 0.5957141666666785 0.673080266666674 0 0 0 0
146 1562.6866750000065 0.6460514424242064 0.6599893333333501 0.5957141666666785 0.673080266666674 0 0 0 0
147 1562.6866750000065 0.6460514424242064 0.6599893333333501 0.5957141666666785 0.673080266666674 0 0 0 0
148 1562.6866750000065 0.6460514424242064 0.6599893333333501 0.5957141666666785 0.673080266666674 0 0 0 0
149 1562.6866750000065 0.6460514424242064 0.6599893333333501 0.5957141666666785 0.673080266666674 0 0 0 0
150 1562.6866750000065 0.6460514424242064 0.6599893333333501 0.5957141666666785 0.673080266666674 0 0 0 0
151 1562.6866750000065 0.6460514424242064 0.6599893333333501 0.5957141666666785 0.673080266666674 0 0 0 0
152 1562.6866750000065 0.6460514424242064 0.6599893333333501 0.5957141666666785 0.673080266666674 0 0 0 0
153 1562.6866750000065 0.6460514424242064 0.6599893333333501 0.5957141666666785 0.673080266666674 0 0 0 0
154 1562.6866750000065 0.6460514424242064 0.6599893333333501 0.5957141666666785 0.673080266666674 0 0 0 0
155 1562.6866750000065 0.6460514424242064 0.6599893333333501 0.5957141666666785 0.673080266666674 0 0 0 0
156 1562.6866750000065 0.6460514424242064 0.6599893333333501 0.5957141666666785 0.673080266666674 0 0 0 0
157 1562.6866750000065 0.6460514424242064 0.6599893333333501 0.5957141666666785 0.673080266666674 0 0 0 0
158 1562.6866750000065 0.6460514424242064 0.6599893333333501 0.5957141666666785 0.673080266666674 0 0 0 0
159 1562.6866750000065 0.6460514424242064 0.6599893333333501 0.5957141666666785 0.673080266666674 0 0 0 0
160 1562.6866750000065 0.6460514424242064 0.6599893333333501 0.5957141666666785 0.673080266666674 0 0 0 0
161 1562.6866750000065 0.6460514424242064 0.6599893333333501 0.5957141666666785 0.673080266666674 0 0 0 0
162 1562.6866750000065 0.6460514424242064 0.6599893333333501 0.5957141666666785 0.673080266666674 0 0 0 0
163 1562.6866750000065 0.6460514424242064 0.6599893333333501 0.5957141666666785 0.673080266666674 0 0 0 0
164 1562.6866750000065 0.6460514424242064 0.6599893333333501 0.5957141666666785 0.673080266666674 0 0 0 0
165 1562.6866750000065 0.6460514424242064 0.6599893333333501 0.5957141666666785 0.673080266666674 0 0 0 0
166 1562.6866750000065 0.6460514424242064 0.6599893333333501 0.5957141666666785 0.673080266666674 0 0 0 0
167 1562.6866750000065 0.6460514424242064 0.6599893333333501 0.5957141666666785 0.673080266666674 0 0 0 0
168 1562.6866750000065 0.6460514424242064 0.6599893333333501 0.5957141666666785 0.673080266666674 0 0 0 0
169 1562.6866750000065 0.6460514424242064 0.6599893333333501 0.5957141666666785 0.673080266666674 0 0 0 0
170 1562.6866750000065 0.6460514424242064 0.6599893333333501 0.5957141666666785 0.673080266666674 0 0 0 0
171 1562.6866750000065 0.6460514424242064 0.6599893333333501 0.5957141666666785 0.673080266666674 0 0 0 0
172 1562.6866750000065 0.6460514424242064 0.6599893333333501 0.5957141666666785 0.673080266666674 0 0 0 0
173 1562.6866750000065 0.6460514424242064 0.6599893333333501 0.5957141666666785 0.673080266666674 0 0 0 0
174 1562.6866750000065 0.6460514424242064 0.6599893333333501 0.5957141666666785 0.673080266666674 0 0 0 0
175 1562.6866750000065 0.6460514424242064 0.6599893333333501 0.5957141666666785 0.673080266666674 0 0 0 0
176 1562.6866750000065 0.6460514424242064 0.6599893333333501 0.5957141666666785 0.673080266666674 0 0 0 0
177 1562.6866750000065 0.6460514424242064 0.6599893333333501 0.5957141666666785 0.673080266666674 0 0 0 0
178 1562.6866750000065 0.6460514424242064 0.6599893333333501 0.5957141666666785 0.673080266666674 0 0 0 0
179 1562.6866750000065 0.6460514424242064 0.6599893333333501 0.5957141666666785 0.673080266666674 0 0 0 0
180 1562.6866750000065 0.6460514424242064 0.6599893333333501 0.5957141666666785 0.673080266666674 0 0 0 0
181 1562.6866750000065 0.6460514424242064 0.6599893333333501 0.5957141666666785 0.673080266666674 0 0 0 0
182 1562.6866750000065 0.6460514424242064 0.6599893333333501 0.5957141666666785 0.673080266666674 0 0 0 0
183 1562.6866750000065 0.6460514424242064 0.6599893333333501 0.5957141666666785 0.673080266666674 0 0 0 0
184 1562.6866750000065 0.6460514424242064 0.6599893333333501 0.5957141666666785 0.673080266666674 0 0 0 0
185 1562.6866750000065 0.6460514424242064 0.6599893333333501 0.5957141666666785 0.673080266666674 0 0 0 0
186 1562.6866750000065 0.6460514424242064 0.6599893333333501 0.5957141666666785 0.673080266666674 0 0 0 0
187 1562.6866750000065 0.6460514424242064 0.6599893333333501 0.5957141666666785 0.673080266666674 0 0 0 0
188 1562.6866750000065 0.6460514424242064 0.6599893333333501 0.5957141666666785 0.673080266666674 0 0 0 0
189 1562.6866750000065 0.6460514424242064 0.6599893333333501 0.5957141666666785 0.673080266666674 0 0 0 0
190 1562.6866750000065 0.6460514424242064 0.6599893333333501 0.5957141666666785 0.673080266666674 0 0 0 0
191 1562.6866750000065 0.6460514424242064 0.6599893333333501 0.5957141666666785 0.673080266666674 0 0 0 0
192 1562.6866750000065 0.6460514424242064 0.6599893333333501 0.5957141666666785 0.673080266666674 0 0 0 0
193 1562.6866750000065 0.6460514424242064 0.6599893333333501 0.5957141666666785 0.673080266666674 0 0 0 0
194 1562.6866750000065 0.6460514424242064 0.6599893333333501 0.5957141666666785 0.673080266666674 0 0 0 0
195 1562.6866750000065 0.6460514424242064 0.6599893333333501 0.5957141666666785 0.673080266666674 0 0 0 0
196 1562.6866750000065 0.6460514424242064 0.6599893333333501 0.5957141666666785 0.673080266666674 0 0 0 0
197 1562.6866750000065 0.6460514424242064 0.6599893333333501 0.5957141666666785 0.673080266666674 0 0 0 0
198 1562.6866750000065 0.6460514424242064 0.6599893333333501 0.5957141666666785 0.673080266666674 0 0 0 0
199 1562.6866750000065 0.6460514424242064 0.6599893333333501 0.5957141666666785 0.673080266666674 0 0 0 0
200 1562.6866750000065 0.6460514424242064 0.6599893333333501 0.5957141666666785 0.673080266666674 0 0 0 0
201 1562.6866750000065 0.6460514424242064 0.6599893333333501 0.5957141666666785 0.673080266666674 0 0 0 0
202 1562.6866750000065 0.6460514424242064 0.6599893333333501 0.5957141666666785 0.673080266666674 0 0 0 0
203 1562.6866750000065 0.6460514424242064 0.6599893333333501 0.5957141666666785 0.673080266666674 0 0 0 0
204 1562.6866750000065 0.6460514424242064 0.6599893333333501 0.5957141666666785 0.673080266666674 0 0 0 0
205 1562.6866750000065 0.6460514424242064 0.6599893333333501 0.5957141666666785 0.673080266666674 0 0 0 0
206 1562.6866750000065 0.6460514424242064 0.6599893333333501 0.5957141666666785 0.673080266666674 0 0 0 0
207 1562.6866750000065 0.6460514424242064 0.6599893333333501 0.5957141666666785 0.673080266666674 0 0 0 0
208 1562.6866750000065 0.6460514424242064 0.6599893333333501 0.5957141666666785 0.673080266666674 0 0 0 0
209 1562.6866750000065 0.6460514424242064 0.6599893333333501 0.5957141666666785 0.673080266666674 0 0 0 0
210 1562.6866750000065 0.6460514424242064 0.6599893333333501 0.5957141666666785 0.673080266666674 0 0 0 0
211 1562.6866750000065 0.6460514424242064 0.6599893333333501 0.5957141666666785 0.673080266666674 0 0 0 0
212 1562.6866750000065 0.6460514424242064 0.6599893333333501 0.5957141666666785 0.673080266666674 0 0 0 0
213 1562.6866750000065 0.6460514424242064 0.6599893333333501 0.5957141666666785 0.673080266666674 0 0 0 0
214 1562.6866750000065 0.6460514424242064 0.6599893333333501 0.5957141666666785 0.673080266666674 0 0 0 0
215 1562.6866750000065 0.6460514424242064 0.6599893333333501 0.5957141666666785 0.673080266666674 0 0 0 0
216 1562.6866750000065 0.6460514424242064 0.6599893333333501 0.5957141666666785 0.673080266666674 0 0 0 0
217 1562.6866750000065 0.6460514424242064 0.6599893333333501 0.5957141666666785 0.673080266666674 0 0 0 0
218 1562.6866750000065 0.6460514424242064 0.6599893333333501 0.5957141666666785 0.673080266666674 0 0 0 0
219 1562.6866750000065 0.6460514424242064 0.6599893333333501 0.5957141666666785 0.673080266666674 0 0 0 0
220 1562.6866750000065 0.6460514424242064 0.6599893333333501 0.5957141666666785 0.673080266666674 0 0 0 0
221 1562.6866750000065 0.6460514424242064 0.6599893333333501 0.5957141666666785 0.673080266666674 0 0 0 0
222 1562.6866750000065 0.6460514424242064 0.6599893333333501 0.5957141666666785 0.673080266666674 0 0 0 0
223 1562.6866750000065 0.6460514424242064 0.6599893333333501 0.5957141666666785 0.673080266666674 0 0 0 0
224 1562.6866750000065 0.6460514424242064 0.6599893333333501 0.5957141666666785 0.673080266666674 0 0 0 0
225 1562.6866750000065 0.6460514424242064 0.6599893333333501 0.5957141666666785 0.673080266666674 0 0 0 0
226 1562.6866750000065 0.6460514424242064 0.6599893333333501 0.5957141666666785 0.673080266666674 0 0 0 0
227 1562.6866750000065 0.6460514424242064 0.6599893333333501 0.5957141666666785 0.673080266666674 0 0 0 0
228 1562.6866750000065 0.6460514424242064 0.6599893333333501 0.5957141666666785 0.673080266666674 0 0 0 0
229 1562.6866750000065 0.6460514424242064 0.6599893333333501 0.5957141666666785 0.673080266666674 0 0 0 0
230 1562.6866750000065 0.6460514424242064 0.6599893333333501 0.5957141666666785 0.673080266666674 0 0 0 0
231 1562.6866750000065 0.6460514424242064 0.6599893333333501 0.5957141666666785 0.673080266666674 0 0 0 0
232 1562.6866750000065 0.6460514424242064 0.6599893333333501 0.5957141666666785 0.673080266666674 0 0 0 0
233 1562.6866750000065 0.6460514424242064 0.6599893333333501 0.5957141666666785 0.673080266666674 0 0 0 0
234 1562.6866750000065 0.6460514424242064 0.6599893333333501 0.5957141666666785 0.673080266666674 0 0 0 0
235 1562.6866750000065 0.6460514424242064 0.6599893333333501 0.5957141666666785 0.673080266666674 0 0 0 0
236 1562.6866750000065 0.6460514424242064 0.6599893333333501 0.5957141666666785 0.673080266666674 0 0 0 0
237 1562.6866750000065 0.6460514424242064 0.6599893333333501 0.5957141666666785 0.673080266666674 0 0 0 0
238 1562.6866750000065 0.6460514424242064 0.6599893333333501 0.5957141666666785 0.673080266666674 0 0 0 0
239 1562.6866750000065 0.6460514424242064 0.6599893333333501 0.5957141666666785 0.673080266666674 0 0 0 0
240 1562.6866750000065 0.6460514424242064 0.6599893333333501 0.5957141666666785 0.673080266666674 0 0 0 0
241 1562.6866750000065 0.6460514424242064 0.6599893333333501 0.5957141666666785 0.673080266666674 0 0 0 0
242 1562.6866750000065 0.6460514424242064 0.6599893333333501 0.5957141666666785 0.673080266666674 0 0 0 0
