1 114.95511779709227 0.22982351515151647 0.25159171929824586 0.27845583333333324 0.1702378666666664 0.0 0.0 0.0 0.0
2 110.2565876913875 0.2016748606060624 0.22252449122806978 0.24512833333333287 0.14710493333333313 0 0 0 0
3 107.27943773425535 0.21542652121212227 0.24419663157894803 0.26480183333333346 0.14859466666666638 0 0 0 0
4 85.79654346046296 0.12895112727272745 0.14903957894736836 0.15634516666666662 0.08795186666666666 0 0 0 0
5 89.72909717885379 0.2239787636363656 0.24188196491228067 0.2739423333333329 0.16699986666666627 0 0 0 0
6 136.15689835240266 0.2932318545454576 0.3111677192982471 0.3499620000000016 0.23080866666666652 0 0 0 0
7 99.19654756406828 0.2107088000000007 0.23373670175438582 0.2598173333333331 0.14954546666666635 0 0 0 0
8 125.43357301695981 0.24480480000000068 0.2593774035087724 0.291803666666667 0.19336173333333329 0 0 0 0
9 104.31987596711254 0.21210569696969842 0.23310442105263215 0.25954166666666695 0.15420813333333305 0 0 0 0
10 115.29602349050121 0.25669953939394 0.27947157894736896 0.31477933333333363 0.18860226666666657 0 0 0 0
11 82.27892019422325 0.16800974545454633 0.1864712982456139 0.20851266666666649 0.1180689333333331 0 0 0 0
12 142.43674782608684 0.38483466666665933 0.4027416140350916 0.4585120000000039 0.3088812000000018 0 0 0 0
13 115.1562761594203 0.2687842909090916 0.28610273684210574 0.3236138333333336 0.20846813333333294 0 0 0 0
14 66.37672281905566 0.15398521212121305 0.1730429473684209 0.18804133333333306 0.10863546666666646 0 0 0 0
15 132.52084827587333 0.32364232727272313 0.33980743859649387 0.3825230000000025 0.2611809333333344 0 0 0 0
16 100.21244370019627 0.20860111515151625 0.22763901754385982 0.2598458333333334 0.14951933333333312 0 0 0 0
17 93.4730074388802 0.17363151515151504 0.19266638596491245 0.21686566666666635 0.12096106666666664 0 0 0 0
18 110.0719301785713 0.25187587878788026 0.27396182456140383 0.3056388333333337 0.1878838666666664 0 0 0 0
19 153.35147792385956 0.32629808484848444 0.3445995789473704 0.39410633333333567 0.2546650666666674 0 0 0 0
20 123.1324860153959 0.28620829090909194 0.33000589473684233 0.3327036666666663 0.2074042666666666 0 0 0 0
21 115.44898327830178 0.3010971636363614 0.32136308771930017 0.3560770000000018 0.23786066666666722 0 0 0 0
22 85.4264988759137 0.18491364848484912 0.2088905263157895 0.22591266666666626 0.12933639999999985 0 0 0 0
23 90.1114365593158 0.20810632727272865 0.2229541052631585 0.25028416666666703 0.16025866666666647 0 0 0 0
24 90.03836147396383 0.19824615757575947 0.21809445614035144 0.23842250000000006 0.14724919999999966 0 0 0 0
25 70.48357458860926 0.16822482424242474 0.18811705263157866 0.21172949999999952 0.11452346666666646 0 0 0 0
26 105.99145097025618 0.2772159030303055 0.2939121403508778 0.3348386666666674 0.21525626666666653 0 0 0 0
27 75.03864391891892 0.1774836363636381 0.19908477192982432 0.21744849999999938 0.12499066666666636 0 0 0 0
28 113.59499061946899 0.21064853333333494 0.23075536842105226 0.2565481666666663 0.15482733333333315 0 0 0 0
29 118.02612219679628 0.2593160242424261 0.27298428070175507 0.3115451666666677 0.20454786666666663 0 0 0 0
30 113.45629608691273 0.2618113939393949 0.28171536842105344 0.3207005000000009 0.19579133333333354 0 0 0 0
31 111.76644437290956 0.24747592727273027 0.264350315789475 0.29977316666666787 0.18960746666666678 0 0 0 0
32 129.51801676620332 0.3030888242424212 0.32258287719298434 0.3631096666666682 0.2365528000000008 0 0 0 0
33 160.35608124999982 0.36759044848484274 0.39297178947368655 0.43533550000000226 0.2892821333333343 0 0 0 0
34 561.2835055335034 0.3376890666666693 0.24670231578947444 0.2800546666666679 0.4702339999999996 0 0 0 0
35 1155.971468750001 0.698396848484815 0.6967921403508931 0.6396861666666784 0.7468898666666737 0 0 0 0
36 536.8714125000008 0.5872691393939147 0.6958304561403599 0.6265071666666727 0.4527454666666703 0 0 0 0
37 638.339687500001 0.6123321212121 0.6528821052631649 0.5754605000000055 0.6033069333333374 0 0 0 0
38 334.8807062500012 0.5380975999999782 0.651601543859656 0.559952666666672 0.41278480000000384 0 0 0 0
39 840.7240937500026 0.6377141818181611 0.6482035087719402 0.5568603333333398 0.6924324000000049 0 0 0 0
40 529.0010625000024 0.5604930909090651 0.6378930526315927 0.5709986666666754 0.4785586666666726 0 0 0 0
41 581.4138238636369 0.6295064242424073 0.6300894035087795 0.5596021666666731 0.6848760000000046 0 0 0 0
42 464.7019613636369 0.6157416727272592 0.6062362105263234 0.5447765000000054 0.6815440000000029 0 0 0 0
43 616.4775301136366 0.5736127515151421 0.5958801403508839 0.5280755000000041 0.588888533333336 0 0 0 0
44 273.05146761363613 0.45951966060605326 0.5632607719298299 0.487954333333336 0.3382178666666682 0 0 0 0
45 734.7223488636379 0.5925786181818026 0.608972491228078 0.5357353333333388 0.6224790666666705 0 0 0 0
46 629.0496301136375 0.5681599515151375 0.6083045614035163 0.5351468333333382 0.5564330666666703 0 0 0 0
47 381.4808176136372 0.5060988606060477 0.6140724210526389 0.5413295000000047 0.37533946666666945 0 0 0 0
48 376.01989261363724 0.5654104727272512 0.6600571228070266 0.6130965000000073 0.4373473333333381 0 0 0 0
49 345.10908636363666 0.5584437333333125 0.6517663157894811 0.5948066666666717 0.4406969333333362 0 0 0 0
50 758.2774176136373 0.6943990303030089 0.681405192982462 0.6460738333333379 0.7454033333333366 0 0 0 0
51 710.5781738636372 0.7097401696969472 0.7232175438596549 0.6917646666666716 0.7113170666666695 0 0 0 0
52 448.84469886363803 0.6209013333333085 0.714552280701765 0.670498333333341 0.4922553333333391 0 0 0 0
53 309.50365511363685 0.5827448727272565 0.669107368421056 0.637939166666669 0.4565450666666684 0 0 0 0
54 303.46775511363666 0.15808096969696944 0.2663233684210527 0.14275700000000013 0.06750986666666667 0 0 0 0
55 649.2998366554054 0.16051607272727278 0.1686440701754386 0.011947333333333336 0.2716494666666667 0 0 0 0
56 256.32312916666666 0.06573163636363631 0.17365192982456146 0.016636666666666664 0.0024833333333333335 0 0 0 0
57 256.2232708333333 0.06529454545454552 0.17314526315789477 0.016144166666666668 0.002156666666666667 0 0 0 0
58 256.2232708333333 0.06529454545454552 0.17314526315789477 0.016144166666666668 0.002156666666666667 0 0 0 0
59 256.2232708333333 0.06529454545454552 0.17314526315789477 0.016144166666666668 0.002156666666666667 0 0 0 0
60 255.9848861111111 0.06559854545454549 0.1735361403508772 0.016197499999999993 0.0025786666666666666 0 0 0 0
61 361.67217166666666 0.15563103030303027 0.25208378947368415 0.10441466666666659 0.10497400000000001 0 0 0 0
62 1343.767633173094 0.6101980121211894 0.5579943859649232 0.5594195000000087 0.7004142666666723 0 0 0 0
63 934.0430222877432 0.6076224484848167 0.5377063859649251 0.566660166666679 0.7068125333333416 0 0 0 0
64 262.62039999999894 0.506126254545424 0.5414409824561527 0.5710408333333459 0.42064560000000834 0 0 0 0
65 129.52694374999982 0.5032194424242133 0.5243813333333455 0.5685733333333449 0.430832533333341 0 0 0 0
66 129.52694374999982 0.5032194424242133 0.5243813333333455 0.5685733333333449 0.430832533333341 0 0 0 0
67 129.52694374999982 0.5032194424242133 0.5243813333333455 0.5685733333333449 0.430832533333341 0 0 0 0
68 129.52694374999982 0.5032194424242133 0.5243813333333455 0.5685733333333449 0.430832533333341 0 0 0 0
69 129.52694374999982 0.5032194424242133 0.5243813333333455 0.5685733333333449 0.430832533333341 0 0 0 0
70 129.52694374999982 0.5032194424242133 0.5243813333333455 0.5685733333333449 0.430832533333341 0 0 0 0
71 129.52694374999982 0.5032194424242133 0.5243813333333455 0.5685733333333449 0.430832533333341 0 0 0 0
72 129.52694374999982 0.5032194424242133 0.5243813333333455 0.5685733333333449 0.430832533333341 0 0 0 0
73 129.52694374999982 0.5032194424242133 0.5243813333333455 0.5685733333333449 0.430832533333341 0 0 0 0
74 129.52694374999982 0.5032194424242133 0.5243813333333455 0.5685733333333449 0.430832533333341 0 0 0 0
75 129.52694374999982 0.5032194424242133 0.5243813333333455 0.5685733333333449 0.430832533333341 0 0 0 0
76 129.52694374999982 0.5032194424242133 0.5243813333333455 0.5685733333333449 0.430832533333341 0 0 0 0
77 129.52694374999982 0.5032194424242133 0.5243813333333455 0.5685733333333449 0.430832533333341 0 0 0 0
78 129.52694374999982 0.5032194424242133 0.5243813333333455 0.5685733333333449 0.430832533333341 0 0 0 0
79 129.52694374999982 0.5032194424242133 0.5243813333333455 0.5685733333333449 0.430832533333341 0 0 0 0
80 129.52694374999982 0.5032194424242133 0.5243813333333455 0.5685733333333449 0.430832533333341 0 0 0 0
81 129.52694374999982 0.5032194424242133 0.5243813333333455 0.5685733333333449 0.430832533333341 0 0 0 0
82 129.52694374999982 0.5032194424242133 0.5243813333333455 0.5685733333333449 0.430832533333341 0 0 0 0
83 129.52694374999982 0.5032194424242133 0.5243813333333455 0.5685733333333449 0.430832533333341 0 0 0 0
84 129.52694374999982 0.5032194424242133 0.5243813333333455 0.5685733333333449 0.430832533333341 0 0 0 0
85 129.52694374999982 0.5032194424242133 0.5243813333333455 0.5685733333333449 0.430832533333341 0 0 0 0
86 129.52694374999982 0.5032194424242133 0.5243813333333455 0.5685733333333449 0.430832533333341 0 0 0 0
87 129.52694374999982 0.5032194424242133 0.5243813333333455 0.5685733333333449 0.430832533333341 0 0 0 0
88 129.52694374999982 0.5032194424242133 0.5243813333333455 0.5685733333333449 0.430832533333341 0 0 0 0
89 129.52694374999982 0.5032194424242133 0.5243813333333455 0.5685733333333449 0.430832533333341 0 0 0 0
90 129.52694374999982 0.5032194424242133 0.5243813333333455 0.5685733333333449 0.430832533333341 0 0 0 0
91 129.52694374999982 0.5032194424242133 0.5243813333333455 0.5685733333333449 0.430832533333341 0 0 0 0
92 129.52694374999982 0.5032194424242133 0.5243813333333455 0.5685733333333449 0.430832533333341 0 0 0 0
93 129.52694374999982 0.5032194424242133 0.5243813333333455 0.5685733333333449 0.430832533333341 0 0 0 0
94 129.52694374999982 0.5032194424242133 0.5243813333333455 0.5685733333333449 0.430832533333341 0 0 0 0
95 129.52694374999982 0.5032194424242133 0.5243813333333455 0.5685733333333449 0.430832533333341 0 0 0 0
96 129.52694374999982 0.5032194424242133 0.5243813333333455 0.5685733333333449 0.430832533333341 0 0 0 0
97 129.52694374999982 0.5032194424242133 0.5243813333333455 0.5685733333333449 0.430832533333341 0 0 0 0
98 129.52694374999982 0.5032194424242133 0.5243813333333455 0.5685733333333449 0.430832533333341 0 0 0 0
99 129.52694374999982 0.5032194424242133 0.5243813333333455 0.5685733333333449 0.430832533333341 0 0 0 0
100 129.52694374999982 0.5032194424242133 0.5243813333333455 0.5685733333333449 0.430832533333341 0 0 0 0
101 129.52694374999982 0.5032194424242133 0.5243813333333455 0.5685733333333449 0.430832533333341 0 0 0 0
102 129.52694374999982 0.5032194424242133 0.5243813333333455 0.5685733333333449 0.430832533333341 0 0 0 0
103 129.52694374999982 0.5032194424242133 0.5243813333333455 0.5685733333333449 0.430832533333341 0 0 0 0
104 129.52694374999982 0.5032194424242133 0.5243813333333455 0.5685733333333449 0.430832533333341 0 0 0 0
105 129.52694374999982 0.5032194424242133 0.5243813333333455 0.5685733333333449 0.430832533333341 0 0 0 0
106 129.52694374999982 0.5032194424242133 0.5243813333333455 0.5685733333333449 0.430832533333341 0 0 0 0
107 129.52694374999982 0.5032194424242133 0.5243813333333455 0.5685733333333449 0.430832533333341 0 0 0 0
108 129.52694374999982 0.5032194424242133 0.5243813333333455 0.5685733333333449 0.430832533333341 0 0 0 0
109 129.52694374999982 0.5032194424242133 0.5243813333333455 0.5685733333333449 0.430832533333341 0 0 0 0
110 129.52694374999982 0.5032194424242133 0.5243813333333455 0.5685733333333449 0.430832533333341 0 0 0 0
111 129.52694374999982 0.5032194424242133 0.5243813333333455 0.5685733333333449 0.430832533333341 0 0 0 0
112 129.52694374999982 0.5032194424242133 0.5243813333333455 0.5685733333333449 0.430832533333341 0 0 0 0
113 129.52694374999982 0.5032194424242133 0.5243813333333455 0.5685733333333449 0.430832533333341 0 0 0 0
114 129.52694374999982 0.5032194424242133 0.5243813333333455 0.5685733333333449 0.430832533333341 0 0 0 0
115 129.52694374999982 0.5032194424242133 0.5243813333333455 0.5685733333333449 0.430832533333341 0 0 0 0
116 129.52694374999982 0.5032194424242133 0.5243813333333455 0.5685733333333449 0.430832533333341 0 0 0 0
117 129.52694374999982 0.5032194424242133 0.5243813333333455 0.5685733333333449 0.430832533333341 0 0 0 0
118 129.52694374999982 0.5032194424242133 0.5243813333333455 0.5685733333333449 0.430832533333341 0 0 0 0
119 129.52694374999982 0.5032194424242133 0.5243813333333455 0.5685733333333449 0.430832533333341 0 0 0 0
120 129.52694374999982 0.5032194424242133 0.5243813333333455 0.5685733333333449 0.430832533333341 0 0 0 0
121 129.52694374999982 0.5032194424242133 0.5243813333333455 0.5685733333333449 0.430832533333341 0 0 0 0
122 129.52694374999982 0.5032194424242133 0.5243813333333455 0.5685733333333449 0.430832533333341 0 0 0 0
123 129.52694374999982 0.5032194424242133 0.5243813333333455 0.5685733333333449 0.430832533333341 0 0 0 0
124 129.52694374999982 0.5032194424242133 0.5243813333333455 0.5685733333333449 0.430832533333341 0 0 0 0
125 129.52694374999982 0.5032194424242133 0.5243813333333455 0.5685733333333449 0.430832533333341 0 0 0 0
126 129.52694374999982 0.5032194424242133 0.5243813333333455 0.5685733333333449 0.430832533333341 0 0 0 0
127 129.52694374999982 0.5032194424242133 0.5243813333333455 0.5685733333333449 0.430832533333341 0 0 0 0
128 129.52694374999982 0.5032194424242133 0.5243813333333455 0.5685733333333449 0.430832533333341 0 0 0 0
129 129.52694374999982 0.5032194424242133 0.5243813333333455 0.5685733333333449 0.430832533333341 0 0 0 0
130 129.52694374999982 0.5032194424242133 0.5243813333333455 0.5685733333333449 0.430832533333341 0 0 0 0
131 129.52694374999982 0.5032194424242133 0.5243813333333455 0.5685733333333449 0.430832533333341 0 0 0 0
132 129.52694374999982 0.5032194424242133 0.5243813333333455 0.5685733333333449 0.430832533333341 0 0 0 0
133 129.52694374999982 0.5032194424242133 0.5243813333333455 0.5685733333333449 0.430832533333341 0 0 0 0
134 129.52694374999982 0.5032194424242133 0.5243813333333455 0.5685733333333449 0.430832533333341 0 0 0 0
135 129.52694374999982 0.5032194424242133 0.5243813333333455 0.5685733333333449 0.430832533333341 0 0 0 0
136 129.52694374999982 0.5032194424242133 0.5243813333333455 0.5685733333333449 0.430832533333341 0 0 0 0
137 129.52694374999982 0.5032194424242133 0.5243813333333455 0.5685733333333449 0.430832533333341 0 0 0 0
138 129.52694374999982 0.5032194424242133 0.5243813333333455 0.5685733333333449 0.430832533333341 0 0 0 0
139 129.52694374999982 0.5032194424242133 0.5243813333333455 0.5685733333333449 0.430832533333341 0 0 0 0
140 129.52694374999982 0.5032194424242133 0.5243813333333455 0.5685733333333449 0.430832533333341 0 0 0 0
141 129.52694374999982 0.5032194424242133 0.5243813333333455 0.5685733333333449 0.430832533333341 0 0 0 0
142 129.52694374999982 0.5032194424242133 0.5243813333333455 0.5685733333333449 0.430832533333341 0 0 0 0
143 129.52694374999982 0.5032194424242133 0.5243813333333455 0.5685733333333449 0.430832533333341 0 0 0 0
144 129.52694374999982 0.5032194424242133 0.5243813333333455 0.5685733333333449 0.430832533333341 0 0 0 0
145 129.52694374999982 0.5032194424242133 0.5243813333333455 0.5685733333333449 0.430832533333341 0 0 0 0
146 129.52694374999982 0.5032194424242133 0.5243813333333455 0.5685733333333449 0.430832533333341 0 0 0 0
147 129.52694374999982 0.5032194424242133 0.5243813333333455 0.5685733333333449 0.430832533333341 0 0 0 0
148 129.52694374999982 0.5032194424242133 0.5243813333333455 0.5685733333333449 0.430832533333341 0 0 0 0
149 129.52694374999982 0.5032194424242133 0.5243813333333455 0.5685733333333449 0.430832533333341 0 0 0 0
150 129.52694374999982 0.5032194424242133 0.5243813333333455 0.5685733333333449 0.430832533333341 0 0 0 0
151 129.52694374999982 0.5032194424242133 0.5243813333333455 0.5685733333333449 0.430832533333341 0 0 0 0
152 129.52694374999982 0.5032194424242133 0.5243813333333455 0.5685733333333449 0.430832533333341 0 0 0 0
153 129.52694374999982 0.5032194424242133 0.5243813333333455 0.5685733333333449 0.430832533333341 0 0 0 0
154 129.52694374999982 0.5032194424242133 0.5243813333333455 0.5685733333333449 0.430832533333341 0 0 0 0
155 129.52694374999982 0.5032194424242133 0.5243813333333455 0.5685733333333449 0.430832533333341 0 0 0 0
156 129.52694374999982 0.5032194424242133 0.5243813333333455 0.5685733333333449 0.430832533333341 0 0 0 0
157 129.52694374999982 0.5032194424242133 0.5243813333333455 0.5685733333333449 0.430832533333341 0 0 0 0
158 129.52694374999982 0.5032194424242133 0.5243813333333455 0.5685733333333449 0.430832533333341 0 0 0 0
159 129.52694374999982 0.5032194424242133 0.5243813333333455 0.5685733333333449 0.430832533333341 0 0 0 0
160 129.52694374999982 0.5032194424242133 0.5243813333333455 0.5685733333333449 0.430832533333341 0 0 0 0
161 129.52694374999982 0.5032194424242133 0.5243813333333455 0.5685733333333449 0.430832533333341 0 0 0 0
162 129.52694374999982 0.5032194424242133 0.5243813333333455 0.5685733333333449 0.430832533333341 0 0 0 0
163 129.52694374999982 0.5032194424242133 0.5243813333333455 0.5685733333333449 0.430832533333341 0 0 0 0
164 129.52694374999982 0.5032194424242133 0.5243813333333455 0.5685733333333449 0.430832533333341 0 0 0 0
165 129.52694374999982 0.5032194424242133 0.5243813333333455 0.5685733333333449 0.430832533333341 0 0 0 0
166 129.52694374999982 0.5032194424242133 0.5243813333333455 0.5685733333333449 0.430832533333341 0 0 0 0
167 129.52694374999982 0.5032194424242133 0.5243813333333455 0.5685733333333449 0.430832533333341 0 0 0 0
168 129.52694374999982 0.5032194424242133 0.5243813333333455 0.5685733333333449 0.430832533333341 0 0 0 0
169 129.52694374999982 0.5032194424242133 0.5243813333333455 0.5685733333333449 0.430832533333341 0 0 0 0
170 129.52694374999982 0.5032194424242133 0.5243813333333455 0.5685733333333449 0.430832533333341 0 0 0 0
171 129.52694374999982 0.5032194424242133 0.5243813333333455 0.5685733333333449 0.430832533333341 0 0 0 0
172 129.52694374999982 0.5032194424242133 0.5243813333333455 0.5685733333333449 0.430832533333341 0 0 0 0
173 129.52694374999982 0.5032194424242133 0.5243813333333455 0.5685733333333449 0.430832533333341 0 0 0 0
174 129.52694374999982 0.5032194424242133 0.5243813333333455 0.5685733333333449 0.430832533333341 0 0 0 0
175 129.52694374999982 0.5032194424242133 0.5243813333333455 0.5685733333333449 0.430832533333341 0 0 0 0
176 129.52694374999982 0.5032194424242133 0.5243813333333455 0.5685733333333449 0.430832533333341 0 0 0 0
177 129.52694374999982 0.5032194424242133 0.5243813333333455 0.5685733333333449 0.430832533333341 0 0 0 0
178 129.52694374999982 0.5032194424242133 0.5243813333333455 0.5685733333333449 0.430832533333341 0 0 0 0
179 129.52694374999982 0.5032194424242133 0.5243813333333455 0.5685733333333449 0.430832533333341 0 0 0 0
180 129.52694374999982 0.5032194424242133 0.5243813333333455 0.5685733333333449 0.430832533333341 0 0 0 0
181 129.52694374999982 0.5032194424242133 0.5243813333333455 0.5685733333333449 0.430832533333341 0 0 0 0
182 129.52694374999982 0.5032194424242133 0.5243813333333455 0.5685733333333449 0.430832533333341 0 0 0 0
183 129.52694374999982 0.5032194424242133 0.5243813333333455 0.5685733333333449 0.430832533333341 0 0 0 0
184 129.52694374999982 0.5032194424242133 0.5243813333333455 0.5685733333333449 0.430832533333341 0 0 0 0
185 129.52694374999982 0.5032194424242133 0.5243813333333455 0.5685733333333449 0.430832533333341 0 0 0 0
186 129.52694374999982 0.5032194424242133 0.5243813333333455 0.5685733333333449 0.430832533333341 0 0 0 0
187 129.52694374999982 0.5032194424242133 0.5243813333333455 0.5685733333333449 0.430832533333341 0 0 0 0
188 129.52694374999982 0.5032194424242133 0.5243813333333455 0.5685733333333449 0.430832533333341 0 0 0 0
189 129.52694374999982 0.5032194424242133 0.5243813333333455 0.5685733333333449 0.430832533333341 0 0 0 0
190 129.52694374999982 0.5032194424242133 0.5243813333333455 0.5685733333333449 0.430832533333341 0 0 0 0
191 129.52694374999982 0.5032194424242133 0.5243813333333455 0.5685733333333449 0.430832533333341 0 0 0 0
192 129.52694374999982 0.5032194424242133 0.5243813333333455 0.5685733333333449 0.430832533333341 0 0 0 0
193 129.52694374999982 0.5032194424242133 0.5243813333333455 0.5685733333333449 0.430832533333341 0 0 0 0
194 129.52694374999982 0.5032194424242133 0.5243813333333455 0.5685733333333449 0.430832533333341 0 0 0 0
195 129.52694374999982 0.5032194424242133 0.5243813333333455 0.5685733333333449 0.430832533333341 0 0 0 0
196 129.52694374999982 0.5032194424242133 0.5243813333333455 0.5685733333333449 0.430832533333341 0 0 0 0
197 129.52694374999982 0.5032194424242133 0.5243813333333455 0.5685733333333449 0.430832533333341 0 0 0 0
198 129.52694374999982 0.5032194424242133 0.5243813333333455 0.5685733333333449 0.430832533333341 0 0 0 0
199 129.52694374999982 0.5032194424242133 0.5243813333333455 0.5685733333333449 0.430832533333341 0 0 0 0
200 129.52694374999982 0.5032194424242133 0.5243813333333455 0.5685733333333449 0.430832533333341 0 0 0 0
